# Number of parameters = 130  Objective function value = 73.6992  Maximum gradient component = 8.29284e-005
# theta[1]:
 9.08060
# theta[2]:
 0.573727
# theta[3]:
 -1.00059
# theta[4]:
 8.33623
# theta[5]:
 7.85497
# theta[6]:
 0.0889680
# theta[7]:
 1.42349
# sel_par[1]:
 0.405465 -6.90776
# sel_par[2]:
 0.405465 -6.90776
# sel_par[2]:
 0.405465 -6.90776
# sel_par[2]:
 0.405465 -6.90776
# log_ft_pars:
 -1.91819 -1.61559 -1.03381 -1.41319 -1.74750 -2.21044 -2.05062 -2.16296 -1.58161 -1.20555 -0.944653 -1.10016 -1.21987 -1.47003 -2.14476 -2.07668 -1.92896 -1.79756 -1.45893 -1.28368 -1.38696 -1.49574 -1.85095 -1.01006 -1.20678 -1.64834 -1.68091 -1.67398 -1.94738 -2.44498 -1.76543 -0.972494 -1.25558 -1.69734 -1.60889 -0.682975 -0.730576 -0.841172 -1.68749 -1.76024 -1.55770 -1.39640 -1.61352 -1.96044 -2.12226 -2.99157 -3.24784 -2.93645 -2.81354 -2.50296 -2.51600 -3.30548 -3.57043 -3.03322 -2.51258 -2.65771 -2.88075 -3.09875
# init_log_rec_devs:
 0.236591 0.579868 0.153012 -0.0463306 -0.123988 -0.144686 -0.145964 -0.149732 -0.358770
# log_rec_devs:
 1.04872 0.373008 0.218132 0.0189654 0.121587 0.674715 1.57720 1.40801 0.393506 0.372146 0.205156 -0.259125 -0.286600 -0.404149 0.0864007 1.73333 0.144643 0.501044 0.0916983 0.211426 0.586813 0.0407003 0.852340 0.345436 0.277098 -0.0236036 -0.247243 -0.0668185 -0.155356 1.85730 0.938040 0.0800986 -0.000899322 0.518976 0.443269 0.0309494 -0.523871 -0.865202 -0.841026 -0.923698 -1.04280 -0.976850 -0.937657 -1.43964 -1.43947 0.457310 -0.773273 -0.928486 -1.07512 -0.916612 -0.761059 0.235777 -0.163455 -0.228346 -0.540575 -0.276736 0.236375 0.0174980
# log_m_nodes:
 0.00000 0.00000 0.00000 0.00000 0.00000 0.00000 0.00000 0.00000 0.00000 0.00000 0.00000 0.00000
# log_age_tau2[1]:
0.325000000000
# phi1[1]:
0.00000000000
# phi2[1]:
0.500000000000
# log_degrees_of_freedom[1]:
5.35000000000
# gamma_r:
0.00000000000
