# Number of parameters = 142  Objective function value = -576.996  Maximum gradient component = 376.508
# theta[1]:
 5.33778
# theta[2]:
 0.801238
# theta[3]:
 -1.20400 -1.20400
# theta[4]:
 4.86321
# theta[5]:
 3.23474
# theta[6]:
 0.987818
# theta[7]:
 1.90095
# sel_par[1]:
 2.21529 -0.0129716
# sel_par[2]:
 2.26693 0.296129
# sel_par[3]:
 4.67525 1.68960
# log_ft_pars:
 -1.87279 -1.81989 -1.31929 -3.40137 0.465982 0.557212 0.451349 -0.633469 -27.0899 -2.27064 -9.56136 -8.61724 -2.20734 -3.99080 -2.46061 -2.55417 0.186405 -3.74093 -0.259115 -4.77578 -5.41241 -3.32880 -2.17344 -3.29606 -3.43041 -3.74737 -3.38562 -3.15135 -3.64983 -4.14862 -4.28759 -5.37756 -2.36829 -2.31345 -4.33895 -4.13013 -4.59320 -4.46121 -3.66691 -3.11867 -3.52646 -2.14854 -2.94426 -1.53368 -3.71067 -1.27567 -2.59517 -1.19659 -2.88669 -2.04311 -3.15323
# init_log_rec_devs:
 -0.373636 1.49544 1.85880 0.746442 0.0410471 -0.370006 -0.634217 0.0945356 -0.858788 -0.474304 -0.137190 -0.533672 -0.251775 -0.213056 -0.0887805 -0.105013 0.0383860 -0.0488236 -0.0439011 -0.0361249 -0.0202598 -0.0215398 -0.0322837 -0.0325016
# log_rec_devs:
 -1.69505 -0.0466668 -0.139672 -0.272386 -0.361121 -0.959988 -1.76335 -1.71632 -1.55378 -1.30281 -0.861747 -0.127699 0.163829 0.244868 0.274821 0.275447 0.238490 -0.121205 -0.564799 -0.720760 -0.562156 -0.0453840 0.219658 0.308734 0.386666 0.316992 0.403079 0.429135 0.409359 0.360669 0.364336 0.380746 0.426638 0.334536 0.439973 0.438216 0.399013 0.484652 0.502505 0.414386 0.485759 0.411129 0.402504 0.414270 0.496657 0.385186 0.461654 0.377164 0.398274 0.379275 0.386567
# log_m_nodes:
 0.00000 0.00000 0.00000 0.00000 0.00000 0.00000 0.00000 0.00000 0.00000 0.00000 0.00000 0.00000
# log_age_tau2[1]:
0.0476349320375
# log_age_tau2[2]:
-0.415873691981
# phi1[1]:
0.700074225517
# phi1[2]:
0.421846320550
# phi2[1]:
0.500000000000
# phi2[2]:
0.500000000000
# log_degrees_of_freedom[1]:
5.35000000000
# log_degrees_of_freedom[2]:
5.35000000000
# gamma_r:
0.00000000000
