# Number of parameters = 126  Objective function value = 21.8078  Maximum gradient component = 7.11254e-005
# theta[1]:
 8.48827
# theta[2]:
 0.662613
# theta[3]:
 -0.935070
# theta[4]:
 7.92292
# theta[5]:
 7.50224
# theta[6]:
 0.0889680
# theta[7]:
 1.42349
# sel_par[1]:
 0.405465 -6.90776
# sel_par[2]:
 0.405465 -6.90776
# sel_par[2]:
 0.405465 -6.90776
# sel_par[2]:
 0.405465 -6.90776
# log_ft_pars:
 -1.62583 -1.24024 -0.934083 -1.27313 -1.51587 -1.87340 -1.68000 -1.91569 -1.58321 -1.19681 -0.906857 -1.03384 -1.05353 -1.19470 -1.72325 -1.53727 -1.90144 -1.76548 -1.43845 -1.18484 -1.19093 -1.27301 -1.51046 -0.888182 -1.05261 -1.49841 -1.51553 -1.41192 -1.56769 -1.90318 -1.71958 -0.961460 -1.17460 -1.50120 -1.37714 -0.403130 -0.623231 -0.707365 -1.48468 -1.55874 -1.38374 -1.17914 -1.33154 -1.60050 -1.62811 -2.33280 -2.93090 -2.59757 -2.37815 -1.92180 -1.76031 -2.38131 -2.88884 -2.37274 -1.79021 -1.78732 -1.83084 -2.44950
# init_log_rec_devs:
 -0.173745 1.27710 0.208065 0.00676364 -0.115731 -0.184700 -0.224275 -0.249481 -0.270295 -0.273668
# log_rec_devs:
 1.13328 1.72549 -0.487319 -0.0121129 0.173882 0.964649 2.02525 2.37259 -0.804650 0.745047 0.725250 -0.520237 -0.0504846 -0.681544 0.0884371 2.48979 -0.863782 1.11933 -0.287429 0.439186 1.08351 -0.371861 1.78619 0.261390 0.804386 0.362812 -0.511154 -0.0518378 -0.642530 2.60107 1.18971 -0.479540 -0.153777 1.05561 0.902179 1.25096 -1.07060 -0.696063 -0.237305 -0.319920 -0.913000 -0.730036 -0.819795 -1.96112 -2.19282 0.969547 -1.80774 -1.86345 -1.93852 -1.41937 -1.40715 0.645657 -0.637598 -0.554098 -1.45326 -1.08473 1.11317 -0.999347
# log_m_nodes:
 0.00000 0.00000 0.00000 0.00000 0.00000 0.00000 0.00000 0.00000 0.00000 0.00000 0.00000 0.00000
# log_age_tau2[1]:
0.325000000000
# phi1[1]:
0.00000000000
# phi2[1]:
0.500000000000
# log_degrees_of_freedom[1]:
5.35000000000
# gamma_r:
0.00000000000
