# Number of parameters = 126  Objective function value = 21.8078  Maximum gradient component = 7.11254e-005
# theta[1]:
 8.48827
# theta[2]:
 0.662613
# theta[3]:
 -0.935070
# theta[4]:
 7.92292
# theta[5]:
 7.50224
# theta[6]:
 0.0889680
# theta[7]:
 1.42349
# sel_par[1]:
 0.405465 -6.90776
# sel_par[2]:
 0.405465 -6.90776
# sel_par[2]:
 0.405465 -6.90776
# sel_par[2]:
 0.405465 -6.90776
# log_ft_pars:
 -1.81314208493 -1.51756630848 -0.989746025490 -1.35669131489 -1.65729109107 -2.08783935062 -1.93906240121 -2.05381048426 -1.57861645271 -1.23970933515 -0.955182696915 -1.08393868026 -1.16887029820 -1.36686800267 -1.99350806891 -1.90879386605 -1.86569812656 -1.82578961948 -1.46602516168 -1.25882946205 -1.31214501756 -1.40578306527 -1.76198782067 -0.931398162231 -1.15004689069 -1.60722909909 -1.64392929114 -1.60405004686 -1.84301344939 -2.33080875125 -1.63376853928 -0.977420848136 -1.27458804399 -1.66499441371 -1.53630096674 -0.637296089554 -0.707423184126 -0.817485566248 -1.64384883129 -1.71468204957 -1.51558720749 -1.34168779741 -1.51978396487 -1.83564596794 -1.97116303784 -2.79077780869 -3.10908970272 -2.88673139427 -2.73562258858 -2.36725944333 -2.31143223346 -3.05508980627 -3.36000002399 -2.88607994407 -2.37217038987 -2.49133315412 -2.67212038895 -2.94646127789
# init_log_rec_devs:
 0.0140425272057 0.00365950264695 -0.00120837779561 -0.00297560078151 -0.00321717386548 -0.00282597669410 -0.00225358134210 -0.00522130528355
# log_rec_devs:
 0.0509160011450 1.06654553124 0.522715658957 0.199916149652 -0.0527301872607 0.0807146172609 0.732921854779 1.51003451295 1.67889128677 0.394822087608 0.423526745036 0.242915784223 -0.324657775760 -0.359357093069 -0.528465465705 0.0769338776358 1.81453523712 0.216673360253 0.625580179576 0.0164427568602 0.175525591924 0.652166933342 0.00859878940486 0.961412209319 0.385544309282 0.403912975677 0.000794634891868 -0.352777572365 -0.0611444276483 -0.147140413783 1.79674416596 1.32412662799 -0.0352261108077 -0.113007866924 0.555559681311 0.658791697031 0.143797374168 -0.504169050175 -0.827188713769 -0.722090282503 -0.855003926812 -1.04266299168 -1.07033162167 -0.985416075446 -1.54800605161 -1.66026432138 0.490690737357 -0.724657133969 -1.00254286317 -1.32443906695 -1.16494546197 -0.919566339358 0.252193045109 -0.176620189374 -0.248861840633 -0.734865137370 -0.434754656709 0.456948744222
# log_m_nodes:
 0.000000000000 0.000000000000 0.000000000000 0.000000000000 0.000000000000 0.000000000000 0.000000000000 0.000000000000 0.000000000000 0.000000000000 0.000000000000 0.000000000000
# log_age_tau2[1]:
0.325000000000
# phi1[1]:
0.00000000000
# phi2[1]:
0.500000000000
# log_degrees_of_freedom[1]:
5.35000000000
# gamma_r:
0.00000000000
