# Number of parameters = 143  Objective function value = -140.125  Maximum gradient component = 116.780
# theta[1]:
 4.39408
# theta[2]:
 0.646515
# theta[3]:
 -1.51606
# theta[4]:
 3.29270
# theta[5]:
 1.67145
# theta[6]:
 0.981649
# theta[7]:
 2.60292
# sel_par[1]:
 2.11812 -0.0623455
# sel_par[2]:
 4.21958 0.869533
# sel_par[3]:
 3.29831 -1.99589
# log_ft_pars:
 -2.04671 -1.96365 -1.30143 -3.07736 2.57566 2.66735 2.99908 2.42208 -27.5878 0.223202 -7.41182 -6.90024 -0.720697 -2.66517 -1.29512 -1.45223 2.67922 -1.08125 2.99244 -1.14597 -2.37346 -0.732479 0.392718 -0.630300 -0.816033 -1.19789 -0.921387 -0.789621 -1.53835 -2.35924 -2.74210 -3.99163 -0.959125 -0.688582 -2.67225 -2.63046 -3.27337 -3.32093 -2.67679 -2.23767 -2.74442 -1.39921 -2.23139 -0.799614 -3.00950 -0.612303 -1.94604 -0.590065 -2.30430 -1.56731 -2.77630
# init_log_rec_devs:
 0.0855207 0.0114295 -0.0407173 -0.0777416 -0.0342033 0.0917063 -0.0422682 0.0194797 0.121324 -0.0263127 -0.127896 -0.00290392 0.0584144 0.00301531 -0.00226181 0.00698766 -0.0287225 -0.0254055 0.000681402 0.00479711 -0.000867787 0.00189379 -0.00356259 0.00770023
# log_rec_devs:
 1.39122 -0.0259408 -0.119826 -0.252750 -0.281646 -0.484679 -0.551408 -1.68974 -1.73508 -1.12661 -0.650333 -0.348399 -0.141911 -0.162738 -0.188872 -0.152442 -0.0853629 -1.14047 -0.848887 -1.45544 -1.11930 -0.490129 -0.206144 -0.281200 -0.390407 -0.441319 -0.326605 -0.212918 -0.00318020 0.0553052 0.204843 0.273964 0.393737 0.364627 0.366882 0.464633 0.526842 0.629466 0.729035 0.760745 0.750611 0.782284 0.786564 0.783930 0.838910 0.827392 0.810129 0.773128 0.776429 0.788504 0.834356
# log_m_nodes:
 0.00000 0.00000 0.00000 0.00000 0.00000 0.00000 0.00000 0.00000 0.00000 0.00000 0.00000 0.00000
# log_age_tau2[1]:
5.06815142648
# log_age_tau2[2]:
5.28781439014
# phi1[1]:
0.998669954156
# phi1[2]:
0.996955396357
# phi2[1]:
0.500000000000
# phi2[2]:
0.500000000000
# log_degrees_of_freedom[1]:
5.35000000000
# log_degrees_of_freedom[2]:
5.35000000000
# gamma_r:
0.00000000000
