# Number of parameters = 144  Objective function value = -597.023  Maximum gradient component = 0.000420972
# theta[1]:
 4.79843
# theta[2]:
 0.717602
# theta[3]:
 -0.972833 -1.49808
# theta[4]:
 4.13671
# theta[5]:
 2.09840
# theta[6]:
 0.987850
# theta[7]:
 1.98911
# sel_par[1]:
 2.26619 0.0808874
# sel_par[2]:
 2.29969 0.364004
# sel_par[3]:
 1.03515 -10.5521
# log_ft_pars:
 -1.33026 -1.24765 -0.869664 -3.18386 0.329256 -0.00368983 -0.406536 -1.28488 -26.2669 -2.07360 -9.10693 -8.04655 -1.53678 -3.29935 -1.87105 -2.15066 0.296055 -3.75330 -0.108514 -4.39521 -4.95585 -2.82032 -1.59411 -2.66569 -2.80195 -3.14599 -2.82576 -2.63167 -3.16689 -3.69621 -3.85646 -4.96851 -1.96497 -1.89120 -3.92160 -3.74858 -4.24719 -4.14979 -3.38370 -2.85440 -3.28042 -1.90561 -2.70239 -1.26739 -3.43368 -0.958584 -2.25777 -0.819858 -2.50603 -1.68866 -2.82692
# init_log_rec_devs:
 -0.120061 0.00935723 3.64331 0.354438 0.680679 0.278958 -0.0804830 -0.322076 -0.478875 -0.515388 -0.476814 -0.432315 -0.387323 -0.343084 -0.300606 -0.260693 -0.223916 -0.190620 -0.160954 -0.134904 -0.112350 -0.0929933 -0.0765224 -0.256760
# log_rec_devs:
 -1.04948 -0.574648 -0.861105 -1.16097 -1.14768 -1.50284 -1.52433 -0.321641 -0.252889 -0.353719 -0.321973 -0.164783 -0.00990351 -0.0144910 -0.0490704 -0.0811879 -0.145317 -0.578411 -0.651708 -0.631707 -0.536661 -0.139953 0.118512 0.202731 0.277905 0.248545 0.345734 0.375739 0.342449 0.302659 0.322917 0.363461 0.437811 0.374076 0.461632 0.468618 0.461093 0.558996 0.589845 0.517019 0.577686 0.514014 0.502811 0.514521 0.578841 0.470852 0.519211 0.426925 0.407729 0.383225 0.408907
# log_m_nodes:
 0.00000 0.00000 0.00000 0.00000 0.00000 0.00000 0.00000 0.00000 0.00000 0.00000 0.00000 0.00000
# log_age_tau2[1]:
-0.603175229087
# log_age_tau2[2]:
-0.733055924390
# phi1[1]:
0.429178214800
# phi1[2]:
0.211564210424
# phi2[1]:
0.500000000000
# phi2[2]:
0.500000000000
# log_degrees_of_freedom[1]:
5.35000000000
# log_degrees_of_freedom[2]:
5.35000000000
# gamma_r:
0.00000000000
