# Number of parameters = 126  Objective function value = 21.8078  Maximum gradient component = 0.00922941
# theta[1]:
 8.48827
# theta[2]:
 0.662613
# theta[3]:
 -0.935070
# theta[4]:
 7.92292
# theta[5]:
 7.50224
# theta[6]:
 0.0889680
# theta[7]:
 1.42349
# sel_par[1]:
 0.405465 -6.90776
# sel_par[2]:
 0.405465 -6.90776
# sel_par[2]:
 0.405465 -6.90776
# sel_par[2]:
 0.405465 -6.90776
# log_ft_pars:
 -1.62583 -1.24024 -0.934076 -1.27313 -1.51589 -1.87340 -1.67999 -1.91567 -1.58321 -1.19682 -0.906853 -1.03385 -1.05353 -1.19471 -1.72325 -1.53726 -1.90144 -1.76549 -1.43846 -1.18484 -1.19093 -1.27299 -1.51045 -0.888214 -1.05260 -1.49841 -1.51554 -1.41193 -1.56770 -1.90319 -1.71957 -0.961458 -1.17460 -1.50120 -1.37714 -0.403122 -0.623235 -0.707367 -1.48468 -1.55874 -1.38374 -1.17915 -1.33155 -1.60050 -1.62812 -2.33283 -2.93090 -2.59757 -2.37814 -1.92180 -1.76031 -2.38131 -2.88884 -2.37274 -1.79022 -1.78734 -1.83085 -2.44950
# init_log_rec_devs:
 -0.173503 1.27689 0.208751 0.00682047 -0.116093 -0.184660 -0.224540 -0.249554 -0.270397 -0.273679
# log_rec_devs:
 1.13330 1.72546 -0.487133 -0.0120037 0.173703 0.964652 2.02523 2.37262 -0.804808 0.744950 0.725351 -0.520405 -0.0504353 -0.681617 0.0884341 2.48979 -0.863586 1.11930 -0.287520 0.439257 1.08344 -0.371659 1.78626 0.260915 0.804526 0.362804 -0.511165 -0.0518941 -0.642399 2.60106 1.18977 -0.479542 -0.153764 1.05559 0.902164 1.25099 -1.07077 -0.696054 -0.237297 -0.319894 -0.913063 -0.730021 -0.819774 -1.96110 -2.19265 0.969531 -1.80767 -1.86341 -1.93850 -1.41935 -1.40719 0.645660 -0.637577 -0.554044 -1.45330 -1.08472 1.11316 -0.999385
# log_m_nodes:
 0.00000 0.00000 0.00000 0.00000 0.00000 0.00000 0.00000 0.00000 0.00000 0.00000 0.00000 0.00000
# log_age_tau2[1]:
0.325000000000
# phi1[1]:
0.00000000000
# phi2[1]:
0.500000000000
# log_degrees_of_freedom[1]:
5.35000000000
# gamma_r:
0.00000000000
