# Number of parameters = 129  Objective function value = 71.3789  Maximum gradient component = 7.56973e-005
# theta[1]:
 8.71270
# theta[2]:
 0.573689
# theta[3]:
 -1.00161
# theta[4]:
 7.96566
# theta[5]:
 7.45860
# theta[6]:
 0.0889680
# theta[7]:
 1.42349
# sel_par[1]:
 0.405465 -6.90776
# sel_par[2]:
 0.405465 -6.90776
# sel_par[2]:
 0.405465 -6.90776
# sel_par[2]:
 0.405465 -6.90776
# log_ft_pars:
 -1.91888 -1.61442 -1.03268 -1.41209 -1.74650 -2.20958 -2.04989 -2.16197 -1.58060 -1.20451 -0.943557 -1.09899 -1.21871 -1.46892 -2.14383 -2.07596 -1.92777 -1.79637 -1.45775 -1.28251 -1.38581 -1.49464 -1.84997 -1.00904 -1.20565 -1.64719 -1.67983 -1.67300 -1.94654 -2.44435 -1.76431 -0.971359 -1.25439 -1.69624 -1.60796 -0.682082 -0.729539 -0.839963 -1.68621 -1.75900 -1.55645 -1.39508 -1.61212 -1.95906 -2.12099 -2.99045 -3.24652 -2.93522 -2.81248 -2.50208 -2.51532 -3.30500 -3.56992 -3.03276 -2.51221 -2.65752 -2.88076 -3.09862
# init_log_rec_devs:
 0.387630 0.205097 0.0307468 -0.0505951 -0.0810218 -0.0938789 -0.109264 -0.288714
# log_rec_devs:
 -0.0601410 1.04256 0.374438 0.219438 0.0205624 0.123237 0.676450 1.57825 1.40941 0.395170 0.373894 0.206925 -0.257379 -0.284895 -0.402427 0.0882125 1.73436 0.146016 0.502468 0.0932824 0.213060 0.588422 0.0422779 0.853839 0.346962 0.278548 -0.0222142 -0.245698 -0.0650384 -0.153429 1.85838 0.940222 0.0818056 0.000846777 0.520762 0.445131 0.0327728 -0.522222 -0.863847 -0.839914 -0.922721 -1.04169 -0.975706 -0.936435 -1.43848 -1.43836 0.458178 -0.772328 -0.927351 -1.07371 -0.915054 -0.759293 0.237071 -0.161953 -0.226603 -0.538590 -0.274547 0.237072
# log_m_nodes:
 0.00000 0.00000 0.00000 0.00000 0.00000 0.00000 0.00000 0.00000 0.00000 0.00000 0.00000 0.00000
# log_age_tau2[1]:
0.325000000000
# phi1[1]:
0.00000000000
# phi2[1]:
0.500000000000
# log_degrees_of_freedom[1]:
5.35000000000
# gamma_r:
0.00000000000
