# Number of parameters = 126  Objective function value = -0.906676  Maximum gradient component = 0.00996789
# theta[1]:
 8.48827
# theta[2]:
 0.662613
# theta[3]:
 -0.935070
# theta[4]:
 7.92292
# theta[5]:
 7.50224
# theta[6]:
 0.0889680
# theta[7]:
 1.42349
# sel_par[1]:
 0.405465 -4.60517
# sel_par[2]:
 0.405465 -4.60517
# sel_par[2]:
 0.405465 -4.60517
# sel_par[2]:
 0.405465 -4.60517
# log_ft_pars:
 -1.20993 -0.233233 -0.301587 -0.578103 -0.667431 -0.913241 -0.867073 -1.18288 -0.835868 -0.322423 -0.303150 -0.332221 -0.114655 -0.302593 -0.794158 -0.759178 -1.06883 -1.25665 -0.917429 -0.560415 -0.315994 -0.246317 -0.471407 -0.00959482 -0.129535 -0.543499 -0.849626 -0.764630 -0.759129 -1.04487 -1.16335 -0.268920 -0.392755 -0.639851 -0.395572 3.00000 0.346810 0.572763 -0.429570 -0.733991 -0.952666 -0.898247 -0.996415 -1.05277 -0.924167 -2.59144 -2.61048 -2.08901 -1.72484 -1.11622 -0.704316 -1.08762 -1.91535 -1.60664 -1.03537 -1.07598 -1.36238 -1.67125
# init_log_rec_devs:
 -0.111140 -0.406537 -0.459933 -0.381256 -0.223557 -0.0161404 0.223203 0.482844 0.755037 0.136906
# log_rec_devs:
 -0.467381 1.86687 -0.0225901 -0.520728 -0.222443 0.783843 1.50697 1.88079 0.663832 1.88585 0.192955 -0.417082 0.517191 -0.800755 0.0496929 1.75069 1.53089 0.520216 -0.178775 -0.0655422 0.780245 0.297687 1.50426 0.805467 0.627207 0.923857 -0.681750 -1.01348 -0.507866 2.20761 0.918837 0.899103 0.166126 0.514703 0.674294 1.65044 0.136426 0.217333 -0.270560 0.220717 -0.715493 -1.45376 -2.07935 -1.87742 0.446364 -1.39484 -2.05800 -2.13049 -2.22049 -2.32633 -2.18057 0.0564562 -0.466163 -0.925704 -0.824455 -0.313540 -0.217527 0.155509
# log_m_nodes:
 0.00000 0.00000 0.00000 0.00000 0.00000 0.00000 0.00000 0.00000 0.00000 0.00000 0.00000 0.00000
# log_age_tau2[1]:
0.325000000000
# phi1[1]:
0.0100000000000
# phi2[1]:
0.500000000000
# log_degrees_of_freedom[1]:
5.35000000000
# gamma_r:
0.00000000000
