# Number of parameters = 130  Objective function value = 6598.71  Maximum gradient component = 0.000201328
# theta[1]:
 9.07453
# theta[2]:
 0.813018
# theta[3]:
 -0.937213
# theta[4]:
 7.34769
# theta[5]:
 5.92157
# theta[6]:
 0.0889680
# theta[7]:
 0.423308
# sel_par[1]:
 3.80666 1.62924
# sel_par[2]:
 0.405465 -6.90776
# sel_par[2]:
 0.405465 -6.90776
# sel_par[2]:
 0.405465 -6.90776
# log_ft_pars:
 -1.34796 -0.948142 -0.353469 -0.499113 -0.904576 -1.35705 -1.03479 -1.35125 -0.982310 -0.632223 -0.478914 -0.462363 -0.483676 -0.483269 -1.06354 -1.03315 -0.561502 -0.594623 -0.489587 -0.235554 -0.214375 -0.190946 -0.674416 0.0383439 0.309210 0.145399 -0.328458 -0.742405 -1.25678 -1.77945 -0.667388 -0.0169537 -0.231640 -0.396408 -0.809377 -0.370166 -0.342411 -0.333592 -0.882977 -0.769552 -0.390810 0.326012 0.882186 0.394960 0.524008 1.18034 0.659608 0.398256 0.125700 0.224998 0.435460 -0.898278 -1.73471 -1.29367 -0.740794 -0.684874 -0.967869 -1.48235
# init_log_rec_devs:
 2.83783 1.09566 0.277440 -0.655150 -0.847953 -0.831845 -0.739073 -1.13691
# log_rec_devs:
 -1.47298 1.54702 -0.439867 1.00118 0.592360 -1.00834 1.03277 2.32858 0.434305 2.13700 -1.38929 1.11505 -1.01930 0.328386 -0.921085 0.931990 0.870711 1.71166 0.923686 0.582439 1.05576 0.133121 1.42788 0.788630 -0.0739833 1.06407 1.00237 0.892877 0.0937047 -0.487246 1.87557 1.82829 -0.973602 0.923292 2.17351 -0.443876 0.741644 -1.62769 -0.676508 -0.645301 -0.705316 -2.98960 -0.342276 -0.639026 -2.41533 -3.43244 -0.872847 -0.780145 -0.535076 -0.760127 -1.26650 0.0159189 -1.20463 -0.331174 -0.803351 -1.17337 0.305766 -0.429266
# log_m_nodes:
 0.00000 0.00000 0.00000 0.00000 0.00000 0.00000 0.00000 0.00000 0.00000 0.00000 0.00000 0.00000
# log_age_tau2[1]:
0.325000000000
# phi1[1]:
0.00000000000
# phi2[1]:
0.500000000000
# log_degrees_of_freedom[1]:
5.35000000000
# gamma_r:
0.00000000000
