# Number of parameters = 185  Objective function value = 259.186  Maximum gradient component = 0.000974622
# theta[1]:
 12.5710
# theta[2]:
 0.739461
# theta[3]:
 -1.61000 -1.61000
# theta[4]:
 11.3776
# theta[5]:
 5.00004
# theta[6]:
 0.586832
# theta[7]:
 0.735000
# sel_par[1]:
 1.49290 -1.60944
# sel_par[2]:
 0.693147 -1.60944
# sel_par[3]:
 6.47697 4.17439
# log_ft_pars:
 -2.74917 -2.67913 -2.51219 -2.36187 -2.28363 -2.43866 -2.36752 -2.07322 -1.70974 -1.53638 -1.79853 -1.73249 -1.62872 -1.84901 -1.79142 -1.85070 -1.70337 -0.988791 -0.951520 -0.936340 -0.923017 -0.973791 -1.07939 -1.23397 -1.45964 -1.31792 -1.54820 -1.29970 -1.42555 -1.17763 -1.06812 -1.04451 -0.933106 -0.915014 -0.958159 -0.945646 -1.12033 -1.15663 -1.19303 -1.20600 -1.18438 -1.17823 -1.13421 -0.963820 -1.18855 -1.31322 -1.60116 -1.60461 -1.65499 -1.74958 -1.52007 -1.27345 -1.04988 -1.32517 -1.19747 -1.09458 -1.13322 -1.60505 -1.98466 -2.09493 -2.65800 -3.14923 -3.27851 -6.46678 -5.71080 -5.25330 -4.92306 -4.66970 -4.45772 -4.26613 -4.08564 -3.90174 -3.73858 -3.59640 -3.47089 -3.36276 -3.27265 -3.20392 -3.12724 -3.02517 -2.90505 -2.80252 -2.69510 -2.56048 -2.67427 -1.71754 -2.20328 -2.22832 -2.30840 -2.31579 -2.51090 -3.18803 -3.72193 -4.20520 -4.17701 -4.24971 -4.76824 -5.15374 -5.21113 -5.50901 -5.62465 -5.16022 -4.81113 -5.78470
# init_log_rec_devs:
 0.00000 0.00000 0.00000 0.00000 0.00000 0.00000 0.00000 0.00000 0.00000 0.00000 0.00000 0.00000 0.00000 0.00000 0.00000 0.00000 0.00000 0.00000 0.00000
# log_rec_devs:
 -4.82040e-006 0.854258 0.895674 0.931744 0.963721 0.989838 1.00964 1.02164 1.02644 1.01785 0.986305 0.955450 0.935654 0.910457 0.899899 0.899240 0.896471 0.886798 0.810272 0.678941 0.567874 0.481887 0.422759 0.387626 0.372967 0.379283 0.372906 0.364385 0.345697 0.318780 0.280805 0.210036 0.134321 0.0503328 -0.0326351 -0.0915704 -0.138095 -0.139969 -0.147276 -0.191302 -0.245942 -0.284025 -0.345239 -0.398220 -0.484637 -0.531304 -0.522605 -0.494413 -0.482463 -0.517267 -0.536818 -0.546454 -0.594312 -0.705915 -0.775486 -0.862614 -1.00180 -1.11788 -1.15562 -1.15952 -1.14981 -1.11827 -1.06493 -1.03325 -0.991173 -0.895712 -0.776402 -0.636135 -0.487293 -0.411467 -0.327073 -0.205522 -0.0638459 0.0395453 0.135070 0.229684
# log_m_nodes:
 0.00000 0.00000 0.00000 0.00000 0.00000 0.00000 0.00000 0.00000 0.00000 0.00000 0.00000 0.00000
# log_age_tau2[1]:
0.325000000000
# phi1[1]:
0.0100000000000
# phi2[1]:
0.500000000000
# log_degrees_of_freedom[1]:
5.35000000000
# gamma_r:
0.00000000000
