# Number of parameters = 130  Objective function value = 74.5512  Maximum gradient component = 0.00802605
# theta[1]:
 8.77613
# theta[2]:
 0.596908
# theta[3]:
 -0.957920
# theta[4]:
 7.96441
# theta[5]:
 7.46721
# theta[6]:
 0.0889680
# theta[7]:
 1.16071
# sel_par[1]:
 0.405465 -6.90776
# sel_par[2]:
 0.405465 -6.90776
# sel_par[2]:
 0.405465 -6.90776
# sel_par[2]:
 0.405465 -6.90776
# log_ft_pars:
 -1.83693 -1.57812 -1.00835 -1.37955 -1.69839 -2.14611 -1.96645 -2.15532 -1.58319 -1.20666 -0.940320 -1.08137 -1.18228 -1.41280 -2.07158 -1.98734 -1.93649 -1.81605 -1.47061 -1.28473 -1.37149 -1.45908 -1.80425 -0.975923 -1.17024 -1.60610 -1.63227 -1.61140 -1.85730 -2.33272 -1.80461 -0.979396 -1.24472 -1.66959 -1.56700 -0.627430 -0.674537 -0.779718 -1.62825 -1.71262 -1.52030 -1.36368 -1.57931 -1.91186 -2.06753 -2.94741 -3.17186 -2.83709 -2.69261 -2.36198 -2.35232 -3.12440 -3.39861 -2.86852 -2.34546 -2.48645 -2.70860 -2.93728
# init_log_rec_devs:
 0.245235 0.144623 0.0277311 -0.0311994 -0.0536288 -0.0627588 -0.0732946 -0.196708
# log_rec_devs:
 -0.0660690 1.15819 0.404140 0.200381 0.00239596 0.101219 0.612089 1.71994 1.40966 0.461930 0.409342 0.197630 -0.243630 -0.287464 -0.413406 0.0286471 1.84255 0.160650 0.488766 0.116425 0.212342 0.567063 0.100274 0.918407 0.369680 0.292848 0.000585825 -0.264074 -0.165292 -0.215978 2.03258 0.603673 0.147475 0.0464551 0.523504 0.487637 0.162702 -0.452672 -0.780149 -0.768853 -0.856460 -0.988104 -0.959199 -0.978933 -1.37233 -1.30396 0.354070 -0.845909 -1.00217 -1.13879 -1.03319 -0.883491 0.150067 -0.225873 -0.303592 -0.572251 -0.341603 0.180123
# log_m_nodes:
 0.00000 0.00000 0.00000 0.00000 0.00000 0.00000 0.00000 0.00000 0.00000 0.00000 0.00000 0.00000
# log_age_tau2[1]:
0.325000000000
# phi1[1]:
0.00000000000
# phi2[1]:
0.500000000000
# log_degrees_of_freedom[1]:
5.35000000000
# gamma_r:
0.00000000000
