# Number of parameters = 184  Objective function value = 264.511  Maximum gradient component = 0.000601312
# theta[1]:
 12.7552
# theta[2]:
 0.783918
# theta[3]:
 -1.61000 -1.61000
# theta[4]:
 11.3126
# theta[5]:
 5.00004
# theta[6]:
 0.260000
# theta[7]:
 0.735000
# sel_par[1]:
 1.49290 -1.60944
# sel_par[2]:
 0.693147 -1.60944
# sel_par[3]:
 6.47697 4.17439
# log_ft_pars:
 -2.93907 -2.88252 -2.73022 -2.59648 -2.53478 -2.68811 -2.60378 -2.29200 -1.91293 -1.72733 -1.97187 -1.88103 -1.75688 -1.96052 -1.88936 -1.93928 -1.78497 -1.07414 -1.04825 -1.04181 -1.03374 -1.08568 -1.18946 -1.34087 -1.56108 -1.41745 -1.64516 -1.39710 -1.52262 -1.27624 -1.17113 -1.15119 -1.04491 -1.03283 -1.08013 -1.07210 -1.24430 -1.27235 -1.30111 -1.30977 -1.29639 -1.31799 -1.29735 -1.13768 -1.36676 -1.49263 -1.76699 -1.75518 -1.78992 -1.88024 -1.65998 -1.43259 -1.22565 -1.49440 -1.35634 -1.26070 -1.30821 -1.75708 -2.10868 -2.18100 -2.70222 -3.14826 -3.24127 -6.49002 -5.73288 -5.27655 -4.95748 -4.72170 -4.51800 -4.32224 -4.13740 -3.95270 -3.78896 -3.64525 -3.51726 -3.41207 -3.32944 -3.26593 -3.18413 -3.06958 -2.93996 -2.83365 -2.72504 -2.59874 -2.72199 -1.75063 -2.18767 -2.16633 -2.21746 -2.21154 -2.40624 -3.07969 -3.62327 -4.09518 -4.05468 -4.10919 -4.60380 -4.96328 -4.99778 -5.28067 -5.38669 -4.91174 -4.55078 -5.51706
# init_log_rec_devs:
 0.00000 0.00000 0.00000 0.00000 0.00000 0.00000 0.00000 0.00000 0.00000 0.00000 0.00000 0.00000 0.00000 0.00000 0.00000 0.00000 0.00000 0.00000 0.00000
# log_rec_devs:
 8.97906e-007 0.813201 0.852806 0.890479 0.928862 0.966559 1.00347 1.03392 1.05683 1.06682 1.05018 1.02512 1.00233 0.970949 0.957916 0.956473 0.953564 0.943807 0.866808 0.737768 0.630748 0.547735 0.491305 0.456261 0.440662 0.442895 0.433720 0.422850 0.403411 0.377232 0.340553 0.271216 0.190968 0.0987736 0.0144754 -0.0387032 -0.0716659 -0.0163202 -0.0157926 -0.109209 -0.199069 -0.211145 -0.284179 -0.329244 -0.429733 -0.460511 -0.421362 -0.380521 -0.387049 -0.475410 -0.512144 -0.500679 -0.530801 -0.664371 -0.695766 -0.793974 -1.01102 -1.17954 -1.18173 -1.18357 -1.19041 -1.16194 -1.11288 -1.14309 -1.19122 -1.13567 -1.02544 -0.846686 -0.615041 -0.625886 -0.596338 -0.449154 -0.225279 -0.143564 -0.0899745 -0.00456307
# log_m_nodes:
 0.00000 0.00000 0.00000 0.00000 0.00000 0.00000 0.00000 0.00000 0.00000 0.00000 0.00000 0.00000
# log_age_tau2[1]:
0.325000000000
# phi1[1]:
0.0100000000000
# phi2[1]:
0.500000000000
# log_degrees_of_freedom[1]:
5.35000000000
# gamma_r:
0.00000000000
