# Number of parameters = 131  Objective function value = 79.1854  Maximum gradient component = 0.00948093
# theta[1]:
 9.03822
# theta[2]:
 0.600886
# theta[3]:
 -0.947954
# theta[4]:
 8.37265
# theta[5]:
 7.82123
# theta[6]:
 0.0889680
# theta[7]:
 1.42349
# sel_par[1]:
 0.405465 -6.90776
# sel_par[2]:
 0.405465 -6.90776
# sel_par[2]:
 0.405465 -6.90776
# sel_par[2]:
 0.405465 -6.90776
# log_ft_pars:
 -1.75845 -1.55137 -0.992930 -1.35915 -1.66907 -2.10824 -1.91663 -2.15744 -1.58262 -1.20561 -0.935460 -1.06640 -1.15713 -1.37676 -2.02893 -1.93953 -1.93825 -1.82540 -1.47512 -1.28263 -1.35969 -1.43187 -1.77197 -0.954036 -1.14864 -1.58516 -1.61160 -1.58751 -1.82386 -2.29232 -1.81864 -0.984093 -1.24257 -1.66117 -1.54761 -0.600805 -0.649417 -0.756280 -1.61165 -1.71113 -1.53350 -1.38957 -1.61253 -1.94259 -2.10250 -2.99874 -3.22724 -2.89278 -2.75093 -2.42420 -2.41664 -3.18850 -3.47082 -2.94877 -2.43290 -2.58531 -2.81565 -3.03535
# init_log_rec_devs:
 0.245009 0.379555 0.106356 -0.0421338 -0.102823 -0.115580 -0.106529 -0.0922646 -0.0821574 -0.189432
# log_rec_devs:
 1.22420 0.366208 0.140693 -0.0524106 0.0491611 0.538357 1.77433 1.33933 0.471095 0.388459 0.145647 -0.277766 -0.325296 -0.452612 -0.0279176 1.86138 0.147599 0.430327 0.0821807 0.165485 0.504983 0.0985276 0.926495 0.346554 0.271071 -0.00701279 -0.295858 -0.237463 -0.262451 2.06294 0.444849 0.116574 0.0280645 0.468343 0.470103 0.205639 -0.441085 -0.762274 -0.733739 -0.817803 -0.965103 -0.952141 -1.00452 -1.31756 -1.17690 0.383984 -0.813832 -0.937986 -1.07757 -1.01044 -0.850109 0.228643 -0.143785 -0.234008 -0.466461 -0.246562 0.199531 0.00990826
# log_m_nodes:
 0.00000 0.00000 0.00000 0.00000 0.00000 0.00000 0.00000 0.00000 0.00000 0.00000 0.00000 0.00000
# log_age_tau2[1]:
0.325000000000
# phi1[1]:
0.00000000000
# phi2[1]:
0.500000000000
# log_degrees_of_freedom[1]:
5.35000000000
# gamma_r:
0.00000000000
