# Number of parameters = 185  Objective function value = 115.394  Maximum gradient component = 0.000997735
# theta[1]:
 12.5320
# theta[2]:
 0.505749
# theta[3]:
 -1.61000 -1.61000
# theta[4]:
 11.2707
# theta[5]:
 5.00009
# theta[6]:
 0.580000
# theta[7]:
 15.0000
# sel_par[1]:
 1.49290 -1.60944
# sel_par[2]:
 0.693147 -1.60944
# sel_par[3]:
 6.47697 4.17439
# log_ft_pars:
 -2.70286 -2.62977 -2.45920 -2.30503 -2.22537 -2.40873 -2.37383 -2.11806 -1.79449 -1.66113 -1.95378 -1.90678 -1.81621 -2.03900 -1.97629 -2.02819 -1.87462 -1.17619 -1.16969 -1.17876 -1.17999 -1.23391 -1.33551 -1.48330 -1.69680 -1.54967 -1.77292 -1.52290 -1.64430 -1.39336 -1.28270 -1.25514 -1.14699 -1.14574 -1.21074 -1.22295 -1.37465 -1.33624 -1.28219 -1.21717 -1.30159 -1.47507 -1.46186 -1.23119 -1.47227 -1.62646 -1.84849 -1.77207 -1.72401 -1.87628 -1.75750 -1.59649 -1.35768 -1.49629 -1.33196 -1.34066 -1.48291 -1.87574 -2.11378 -2.00879 -2.40826 -2.81900 -2.89005 -6.51027 -5.75598 -5.29227 -4.94832 -4.67600 -4.45611 -4.27112 -4.09188 -3.90385 -3.75206 -3.62768 -3.50506 -3.38415 -3.27737 -3.22044 -3.16247 -3.06563 -2.92620 -2.78771 -2.66311 -2.59022 -2.76998 -1.84361 -2.07102 -1.84026 -1.60831 -1.67574 -2.07022 -2.80786 -3.32348 -3.80566 -3.76141 -3.81324 -4.32302 -4.70017 -4.74091 -5.02633 -5.13538 -4.66756 -4.30885 -5.26975
# init_log_rec_devs:
 0.00000 0.00000 0.00000 0.00000 0.00000 0.00000 0.00000 0.00000 0.00000 0.00000 0.00000 0.00000 0.00000 0.00000 0.00000 0.00000 0.00000 0.00000 0.00000
# log_rec_devs:
 -5.31811e-007 1.24657 1.25275 1.25247 1.24519 1.23124 1.21633 1.20388 1.18729 1.15674 1.11041 1.07395 1.05319 1.02907 1.01333 1.00471 0.994281 0.977996 0.901581 0.778074 0.674280 0.592951 0.533558 0.495766 0.475874 0.475335 0.464582 0.451316 0.429166 0.398510 0.357706 0.287437 0.211909 0.129167 0.0468751 -0.0127304 -0.0571261 -0.0619353 -0.0841305 -0.150081 -0.232220 -0.283634 -0.317075 -0.331022 -0.402126 -0.455763 -0.457093 -0.439951 -0.436975 -0.478033 -0.506926 -0.523589 -0.570275 -0.673823 -0.733110 -0.810211 -0.954469 -1.06786 -1.10980 -1.16011 -1.20919 -1.28719 -1.35809 -1.41763 -1.40650 -1.30300 -1.17050 -1.02016 -0.868901 -0.814324 -0.745218 -0.627556 -0.484771 -0.391227 -0.313167 -0.225983
# log_m_nodes:
 0.00000 0.00000 0.00000 0.00000 0.00000 0.00000 0.00000 0.00000 0.00000 0.00000 0.00000 0.00000
# log_age_tau2[1]:
0.325000000000
# phi1[1]:
0.0100000000000
# phi2[1]:
0.500000000000
# log_degrees_of_freedom[1]:
5.35000000000
# gamma_r:
0.00000000000
