# Number of parameters = 129  Objective function value = 3694.30  Maximum gradient component = 0.00962554
# theta[1]:
 8.78032
# theta[2]:
 0.702095
# theta[3]:
 -0.935070
# theta[4]:
 8.33358
# theta[5]:
 6.14631
# theta[6]:
 0.0889680
# theta[7]:
 1.42349
# sel_par[1]:
 3.40120 1.62924
# sel_par[2]:
 0.405465 -2.30259
# sel_par[2]:
 0.405465 -2.30259
# sel_par[2]:
 0.405465 -2.30259
# log_ft_pars:
 -2.03852 -1.77800 -1.13361 -1.56408 -2.02546 -2.45155 -2.19979 -2.30238 -1.70450 -1.27879 -1.12115 -1.28725 -1.36920 -1.61030 -2.27988 -2.38217 -1.73402 -1.66071 -1.26332 -1.19948 -1.35190 -1.47384 -1.96613 -1.09027 -1.18560 -1.84977 -1.96557 -2.00735 -2.25258 -2.74198 -1.90068 -1.01179 -1.28912 -1.72178 -1.77899 -0.872779 -0.956928 -1.02954 -1.78837 -1.84742 -1.64558 -1.38518 -1.46952 -1.68130 -1.88640 -2.87201 -2.85571 -2.93538 -3.13062 -3.10269 -3.30100 -4.21323 -4.64501 -4.12725 -3.58431 -3.67323 -3.76123 -3.72388
# init_log_rec_devs:
 -1.70032 3.56002 1.58150 1.38730 -0.733220 -0.966999 -0.961805 -0.867835 -1.29864
# log_rec_devs:
 1.26046 -0.895402 0.921925 0.839301 -1.34684 0.352587 1.90043 1.50508 -1.93087 1.52714 -1.28573 -0.497190 0.186110 -0.720058 1.05044 0.0446222 1.45541 -1.06537 1.20886 -0.0248425 0.671499 0.869799 0.637976 -0.794608 1.51092 -0.696716 0.184625 -0.194952 -0.634572 2.02324 0.0487654 0.888771 -0.494734 1.40998 -0.640270 0.501875 -1.47635 -1.12662 -0.331856 -0.746116 -2.36913 -1.12751 -1.38459 -0.775031 -1.00106 -1.04864 0.854730 0.281927 0.498252 0.0187339 -0.176281 1.75319 -0.184408 0.641346 -0.700799 -0.702031 -0.777518 0.102094
# log_m_nodes:
 0.00000 0.00000 0.00000 0.00000 0.00000 0.00000 0.00000 0.00000 0.00000 0.00000 0.00000 0.00000
# log_age_tau2[1]:
0.325000000000
# phi1[1]:
0.00000000000
# phi2[1]:
0.500000000000
# log_degrees_of_freedom[1]:
5.35000000000
# gamma_r:
0.00000000000
