# Number of parameters = 185  Objective function value = 259.537  Maximum gradient component = 0.000636269
# theta[1]:
 7.93050
# theta[2]:
 0.783898
# theta[3]:
 -1.61000 -1.61000
# theta[4]:
 6.75385
# theta[5]:
 7.00001
# theta[6]:
 0.588429
# theta[7]:
 0.735000
# sel_par[1]:
 1.49290 -1.60944
# sel_par[2]:
 0.693147 -1.60944
# sel_par[3]:
 6.47697 4.17439
# log_ft_pars:
 -2.71416 -2.64118 -2.47104 -2.31695 -2.23448 -2.38574 -2.31236 -2.01601 -1.64905 -1.47048 -1.72995 -1.66519 -1.56291 -1.78616 -1.73282 -1.79585 -1.65171 -0.933716 -0.886897 -0.864157 -0.846429 -0.896441 -1.00328 -1.15937 -1.38795 -1.24729 -1.47856 -1.23023 -1.35606 -1.10784 -0.995012 -0.967742 -0.851248 -0.826831 -0.865347 -0.848936 -1.02204 -1.05639 -1.08748 -1.09257 -1.06372 -1.05704 -1.01352 -0.836454 -1.05239 -1.17482 -1.46391 -1.47117 -1.52310 -1.62230 -1.39793 -1.15203 -0.920253 -1.18433 -1.05023 -0.932357 -0.941927 -1.38443 -1.74688 -1.85243 -2.43442 -2.95581 -3.11410 -6.36623 -5.70708 -5.23526 -4.93778 -4.65906 -4.42702 -4.24969 -4.05683 -3.86637 -3.68103 -3.56500 -3.46725 -3.38467 -3.31282 -3.24372 -3.17504 -3.04825 -2.87347 -2.73873 -2.62239 -2.47540 -2.55507 -1.59624 -2.11067 -2.17289 -2.29913 -2.35036 -2.58337 -3.31275 -3.94792 -4.43487 -4.47301 -4.56154 -5.07461 -5.46368 -5.40313 -5.70709 -5.49281 -5.07378 -4.70378 -5.71160
# init_log_rec_devs:
 0.00000 0.00000 0.00000 0.00000 0.00000 0.00000 0.00000 0.00000 0.00000 0.00000 0.00000 0.00000 0.00000 0.00000 0.00000 0.00000 0.00000 0.00000 0.00000
# log_rec_devs:
 5.87116e-006 0.844279 0.891132 0.932058 0.968512 0.998293 1.02065 1.03438 1.04063 1.03328 1.00192 0.971051 0.952011 0.927597 0.918365 0.919455 0.918349 0.910145 0.833226 0.698904 0.584734 0.496656 0.436766 0.402017 0.388419 0.396857 0.391371 0.383555 0.364727 0.337592 0.299515 0.228191 0.152289 0.0665715 -0.0206665 -0.0852509 -0.136450 -0.131551 -0.133433 -0.178603 -0.238427 -0.280849 -0.348292 -0.403889 -0.496855 -0.546206 -0.534846 -0.500895 -0.483545 -0.517735 -0.533940 -0.539284 -0.590809 -0.717986 -0.791906 -0.876526 -1.02124 -1.15352 -1.20264 -1.21765 -1.21979 -1.19470 -1.13731 -1.09442 -1.03650 -0.928062 -0.799935 -0.653221 -0.497753 -0.415775 -0.325870 -0.199138 -0.0515544 0.0595104 0.165369 0.268650
# log_m_nodes:
 0.00000 0.00000 0.00000 0.00000 0.00000 0.00000 0.00000 0.00000 0.00000 0.00000 0.00000 0.00000
# log_age_tau2[1]:
0.325000000000
# phi1[1]:
0.0100000000000
# phi2[1]:
0.500000000000
# log_degrees_of_freedom[1]:
5.35000000000
# gamma_r:
0.00000000000
