# Number of parameters = 134  Objective function value = 2153.74  Maximum gradient component = 0.00863159
# theta[1]:
 12.0000
# theta[2]:
 0.805049
# theta[3]:
 -0.506165
# theta[4]:
 9.75937
# theta[5]:
 6.78197
# theta[6]:
 0.0889680
# theta[7]:
 0.271159
# sel_par[1]:
 4.33881 1.85376
# sel_par[2]:
 0.693147 -0.693147
# sel_par[3]:
 0.693147 -0.693147
# sel_par[4]:
 0.693147 -0.693147
# log_ft_pars:
 1.73661 1.73064 2.41125 2.31754 2.03728 1.53821 1.83493 1.95384 2.14165 2.01097 2.15661 2.10866 2.01099 2.16678 1.69187 1.73440 2.20394 2.19569 2.44331 2.50392 2.65815 2.68966 2.02597 3.00000 2.97259 2.74801 2.52467 2.32129 1.98423 0.961071 2.25218 3.00000 2.28411 1.91678 2.03665 2.64871 2.09341 1.91452 1.28452 1.47620 1.77346 2.20617 2.80447 2.65519 2.34248 1.38932 1.07662 0.618193 -0.583366 -1.57954 -2.68229 -4.34755 -5.26092 -5.55255 -5.84205 -6.61842 -7.27893 -7.76991
# init_log_rec_devs:
 2.60606 2.68910 1.07914 0.701009 -1.42078 -1.58553 -1.45348 -1.22224 -1.39328
# log_rec_devs:
 -0.587296 -0.732003 -1.08044 -1.11504 -1.40556 -0.373010 0.663490 0.418079 -0.250220 -0.0870113 -1.63307 -1.12711 -2.12180 -1.08303 -0.421647 -0.538726 0.0320867 -0.513422 -0.843052 -0.454946 -0.929346 -0.203591 -0.709146 -1.16667 -0.490015 -1.79006 -0.620885 -1.11829 -1.52362 0.787046 -0.591898 -0.745223 -0.541500 0.460985 -0.531243 -1.53953 -2.35910 -1.52307 -1.90984 -2.35358 -2.77455 -2.08318 -3.08756 -2.65895 -2.09142 -1.72836 0.943240 1.44582 2.44986 2.81615 3.51459 5.63894 4.80018 5.96526 5.54499 6.49654 7.12399 0.336749
# log_m_nodes:
 0.00000 0.00000 0.00000 0.00000 0.00000 0.00000 0.00000 0.00000 0.00000 0.00000 0.00000 0.00000
# log_age_tau2[1]:
0.325000000000
# phi1[1]:
0.00000000000
# phi2[1]:
0.500000000000
# log_degrees_of_freedom[1]:
5.35000000000
# gamma_r:
0.00000000000
