# Number of parameters = 144  Objective function value = -596.858  Maximum gradient component = 0.000390120
# theta[1]:
 4.81025
# theta[2]:
 0.702467
# theta[3]:
 -0.977749 -1.50677
# theta[4]:
 4.12975
# theta[5]:
 1.82368
# theta[6]:
 0.987847
# theta[7]:
 2.02405
# sel_par[1]:
 2.27027 0.0854733
# sel_par[2]:
 2.30220 0.369179
# sel_par[3]:
 -0.00124957 -13.4231
# log_ft_pars:
 -1.17184 -1.23990 -1.15238 -3.62955 -0.155528 -0.315915 -0.429406 -1.10228 -26.0600 -1.90227 -8.95247 -7.90924 -1.42592 -3.26889 -1.96343 -2.33742 0.0586251 -3.90812 -0.134847 -4.33620 -4.87475 -2.72616 -1.48536 -2.55602 -2.71717 -3.10107 -2.82343 -2.66152 -3.20868 -3.73030 -3.87299 -4.96670 -1.94663 -1.85803 -3.88043 -3.70901 -4.21305 -4.12332 -3.36495 -2.84203 -3.27284 -1.90087 -2.69935 -1.26438 -3.43057 -0.954479 -2.25507 -0.818628 -2.50942 -1.69539 -2.83695
# init_log_rec_devs:
 0.194681 0.293811 0.190990 3.98709 -0.0213830 -0.127551 -0.245954 -0.370669 -0.454553 -0.460999 -0.421168 -0.379044 -0.337591 -0.297478 -0.259412 -0.223993 -0.191638 -0.162575 -0.136862 -0.114420 -0.0950660 -0.0785360 -0.0645228 -0.223159
# log_rec_devs:
 -0.594273 -0.823326 -1.16560 -1.44942 -1.44525 -1.12565 -0.0601891 -0.148313 -0.567369 -0.700973 -0.501141 -0.270596 -0.128548 -0.164238 -0.223323 -0.201551 -0.0487011 -0.227250 -0.386541 -0.572983 -0.599151 -0.213432 0.0520083 0.129781 0.197413 0.175551 0.293063 0.351064 0.340975 0.311480 0.329936 0.363661 0.432956 0.366131 0.445884 0.450545 0.446633 0.548596 0.584234 0.516234 0.578518 0.517710 0.506379 0.516335 0.576609 0.470581 0.516167 0.421188 0.398812 0.375140 0.404231
# log_m_nodes:
 0.00000 0.00000 0.00000 0.00000 0.00000 0.00000 0.00000 0.00000 0.00000 0.00000 0.00000 0.00000
# log_age_tau2[1]:
-0.588843390280
# log_age_tau2[2]:
-0.730689941824
# phi1[1]:
0.433302342227
# phi1[2]:
0.211441822486
# phi2[1]:
0.500000000000
# phi2[2]:
0.500000000000
# log_degrees_of_freedom[1]:
5.35000000000
# log_degrees_of_freedom[2]:
5.35000000000
# gamma_r:
0.00000000000
