# Number of parameters = 140  Objective function value = -528.732  Maximum gradient component = 5.35222e-005
# theta[1]:
 1.23147
# theta[2]:
 0.545843
# theta[3]:
 -0.663235 -1.00623
# theta[4]:
 0.453832
# theta[5]:
 2.69449e-008
# theta[6]:
 0.280000
# theta[7]:
 0.800000
# sel_par[1]:
 2.20823 -0.157743
# sel_par[2]:
 2.19591 0.0702113
# sel_par[3]:
 3.20455 -24.2042
# log_ft_pars:
 -3.36237 -2.79957 -4.65392 -0.813472 -1.22238 -1.99189 -3.18386 -27.8382 -3.77985 -10.6065 -9.34232 -2.80745 -4.57942 -3.09546 -3.29120 -1.07396 -5.24080 -1.53676 -5.77142 -6.13294 -3.96169 -2.84610 -3.99799 -4.10353 -4.39398 -4.04507 -3.87766 -4.49175 -5.14026 -5.40687 -6.53725 -3.50966 -3.41749 -5.35199 -5.01629 -5.35250 -5.08872 -4.17278 -3.52482 -3.84370 -2.40085 -3.15711 -1.74790 -3.94461 -1.55034 -2.92415 -1.54627 -3.22380 -2.31440 -3.38711
# init_log_rec_devs:
 0.450243 -0.102571 1.14341 -0.237250 -1.03379 -1.19023 -0.801023 -0.718321 -0.897072 -0.530151 -0.420070 -0.922373 0.0829412 0.197752 0.294526 0.373772 0.436833 0.485683 0.522626 0.550000 0.569954 0.584323 0.594547 0.565792
# log_rec_devs:
 -1.87486 -0.978012 -0.897055 -0.554455 -0.538984 -0.996523 -0.924094 -0.817677 -0.464173 -0.601824 -0.982238 -1.02400 -0.0586760 0.745531 0.459406 0.00924130 -0.0207289 0.0225314 -0.231009 -0.294258 0.552397 1.39736 1.08110 0.967572 0.311350 0.617041 0.656871 0.417720 0.0943632 0.141239 0.0820569 0.130447 -0.309825 0.0476904 0.0141197 -0.0661581 0.288888 0.302069 -0.0454046 0.103859 -0.309281 -0.359094 -0.0117807 0.609374 0.186758 0.990234 0.433755 0.888643 0.675144 0.133353
# log_m_nodes:
 0.00000 0.00000 0.00000 0.00000 0.00000 0.00000 0.00000 0.00000 0.00000 0.00000 0.00000 0.00000
# log_age_tau2[1]:
-0.675346668961
# log_age_tau2[2]:
-0.875624412044
# phi1[1]:
0.412148276775
# phi1[2]:
0.320334694053
# phi2[1]:
0.500000000000
# phi2[2]:
0.500000000000
# log_degrees_of_freedom[1]:
5.35000000000
# log_degrees_of_freedom[2]:
5.35000000000
# gamma_r:
0.00000000000
