# Number of parameters = 129  Objective function value = 75.3258  Maximum gradient component = 0.00352227
# theta[1]:
 8.64895
# theta[2]:
 0.600742
# theta[3]:
 -0.949335
# theta[4]:
 7.98113
# theta[5]:
 7.41000
# theta[6]:
 0.0889680
# theta[7]:
 1.42349
# sel_par[1]:
 0.405465 -6.90776
# sel_par[2]:
 0.405465 -6.90776
# sel_par[2]:
 0.405465 -6.90776
# sel_par[2]:
 0.405465 -6.90776
# log_ft_pars:
 -1.75939 -1.55068 -0.992194 -1.35831 -1.66823 -2.10752 -1.91618 -2.15628 -1.58167 -1.20484 -0.934459 -1.06541 -1.15618 -1.37587 -2.02810 -1.93862 -1.93720 -1.82444 -1.47423 -1.28177 -1.35885 -1.43095 -1.77112 -0.953505 -1.14837 -1.58401 -1.61070 -1.58662 -1.82304 -2.29154 -1.81762 -0.983055 -1.24134 -1.65995 -1.54661 -0.600118 -0.648708 -0.755721 -1.61153 -1.71004 -1.53275 -1.38910 -1.61243 -1.94234 -2.10210 -2.99817 -3.22615 -2.89171 -2.74993 -2.42331 -2.41583 -3.18772 -3.47046 -2.94884 -2.43319 -2.58445 -2.81494 -3.03464
# init_log_rec_devs:
 0.219689 0.141395 0.0308627 -0.0262969 -0.0482518 -0.0582762 -0.0701957 -0.188926
# log_rec_devs:
 -0.137885 1.21654 0.369738 0.143609 -0.0497575 0.0521807 0.541774 1.77589 1.34285 0.473499 0.391106 0.148576 -0.274938 -0.322524 -0.449948 -0.0252088 1.86479 0.148287 0.431530 0.0848285 0.168115 0.507161 0.101397 0.930198 0.350084 0.273518 -0.00460751 -0.293839 -0.234966 -0.259824 2.06565 0.446489 0.118915 0.0303647 0.471933 0.474010 0.208092 -0.437256 -0.757728 -0.730601 -0.815099 -0.961670 -0.947919 -1.00248 -1.31493 -1.17387 0.385874 -0.811455 -0.935734 -1.07502 -1.00779 -0.847209 0.233070 -0.140143 -0.230814 -0.464312 -0.244303 0.201784
# log_m_nodes:
 0.00000 0.00000 0.00000 0.00000 0.00000 0.00000 0.00000 0.00000 0.00000 0.00000 0.00000 0.00000
# log_age_tau2[1]:
0.325000000000
# phi1[1]:
0.00000000000
# phi2[1]:
0.500000000000
# log_degrees_of_freedom[1]:
5.35000000000
# gamma_r:
0.00000000000
