# Number of parameters = 184  Objective function value = 265.162  Maximum gradient component = 0.000714360
# theta[1]:
 8.12400
# theta[2]:
 0.820036
# theta[3]:
 -1.61000 -1.61000
# theta[4]:
 6.67287
# theta[5]:
 7.00001
# theta[6]:
 0.260000
# theta[7]:
 0.735000
# sel_par[1]:
 1.49290 -1.60944
# sel_par[2]:
 0.693147 -1.60944
# sel_par[3]:
 6.47697 4.17439
# log_ft_pars:
 -2.91366 -2.85536 -2.70123 -2.56541 -2.50139 -2.65223 -2.56602 -2.25226 -1.87019 -1.68034 -1.92186 -1.83073 -1.70684 -1.91202 -1.84383 -1.89648 -1.74456 -1.03195 -0.999107 -0.987100 -0.975672 -1.02669 -1.13068 -1.28234 -1.50369 -1.36020 -1.58767 -1.33917 -1.46357 -1.21589 -1.10640 -1.08089 -0.967228 -0.946202 -0.986019 -0.971770 -1.13870 -1.15896 -1.17456 -1.16565 -1.13748 -1.16072 -1.14560 -0.980572 -1.19874 -1.32275 -1.59575 -1.58571 -1.61821 -1.71192 -1.49900 -1.27630 -1.06438 -1.32041 -1.17727 -1.07212 -1.09419 -1.50990 -1.84320 -1.90783 -2.45547 -2.94068 -3.07346 -6.43572 -5.77256 -5.29381 -4.99029 -4.71206 -4.48782 -4.32088 -4.13645 -3.95382 -3.77123 -3.65373 -3.54963 -3.45989 -3.38426 -3.31580 -3.25054 -3.12744 -2.95544 -2.81693 -2.69623 -2.55289 -2.63882 -1.67101 -2.15390 -2.17447 -2.26615 -2.29719 -2.52183 -3.23800 -3.87985 -4.35025 -4.37281 -4.44353 -4.93483 -5.29800 -5.20963 -5.48870 -5.25481 -4.81852 -4.43029 -5.42218
# init_log_rec_devs:
 0.00000 0.00000 0.00000 0.00000 0.00000 0.00000 0.00000 0.00000 0.00000 0.00000 0.00000 0.00000 0.00000 0.00000 0.00000 0.00000 0.00000 0.00000 0.00000
# log_rec_devs:
 5.06881e-007 0.822609 0.865323 0.905885 0.947204 0.987634 1.02705 1.05974 1.08470 1.09658 1.08069 1.05564 1.03298 1.00157 0.989212 0.989082 0.987529 0.978926 0.901056 0.769018 0.659240 0.574327 0.517098 0.482098 0.467042 0.470397 0.461060 0.449464 0.428540 0.401169 0.364288 0.295214 0.214151 0.116839 0.0233437 -0.0413060 -0.0826872 -0.00478483 0.0103347 -0.0901145 -0.193100 -0.208690 -0.294961 -0.342672 -0.452873 -0.484330 -0.435396 -0.382748 -0.383263 -0.480071 -0.514955 -0.493776 -0.529198 -0.693568 -0.731397 -0.824592 -1.04004 -1.21521 -1.20893 -1.21531 -1.24960 -1.24155 -1.19654 -1.21579 -1.24670 -1.18072 -1.06532 -0.885100 -0.653180 -0.657635 -0.623817 -0.474594 -0.248584 -0.157221 -0.0876596 0.0109225
# log_m_nodes:
 0.00000 0.00000 0.00000 0.00000 0.00000 0.00000 0.00000 0.00000 0.00000 0.00000 0.00000 0.00000
# log_age_tau2[1]:
0.325000000000
# phi1[1]:
0.0100000000000
# phi2[1]:
0.500000000000
# log_degrees_of_freedom[1]:
5.35000000000
# gamma_r:
0.00000000000
