# Number of parameters = 184  Objective function value = 194.257  Maximum gradient component = 0.000636636
# theta[1]:
 7.52140
# theta[2]:
 0.750000
# theta[3]:
 -1.61000 -1.61000
# theta[4]:
 6.59612
# theta[5]:
 7.00006
# theta[6]:
 0.500000
# theta[7]:
 15.0000
# sel_par[1]:
 1.49290 -1.60944
# sel_par[2]:
 0.693147 -1.60944
# sel_par[3]:
 6.47697 4.17439
# log_ft_pars:
 -2.34819 -2.24763 -2.05655 -1.87872 -1.76661 -1.89899 -1.85795 -1.63173 -1.34748 -1.21437 -1.44982 -1.42356 -1.35871 -1.56398 -1.53286 -1.59636 -1.48306 -0.901507 -0.850565 -0.825050 -0.806481 -0.843822 -0.927589 -1.05543 -1.25521 -1.12924 -1.34011 -1.12519 -1.24289 -1.02263 -0.905019 -0.852373 -0.727847 -0.723142 -0.814186 -0.874464 -1.02552 -0.917306 -0.725500 -0.563213 -0.733484 -1.05636 -1.11329 -0.676260 -0.976403 -1.21792 -1.32819 -1.29587 -0.892834 -1.26565 -1.27798 -1.20986 -0.986100 -0.998755 -0.912555 -1.01483 -1.12842 -1.41576 -1.64392 -1.53710 -1.82616 -2.22335 -1.98692 -6.24410 -5.61242 -5.13586 -4.78915 -4.43333 -4.17779 -4.05150 -3.91669 -3.70713 -3.51404 -3.42536 -3.33184 -3.23487 -3.08585 -3.01922 -2.99713 -2.90797 -2.73719 -2.54094 -2.27621 -2.31691 -2.71138 -1.87219 -1.71778 -1.73669 -1.01659 -1.30865 -1.03654 -1.55335 -2.12830 -2.94974 -2.99513 -3.19047 -4.07249 -4.62334 -4.58302 -4.93629 -4.75606 -4.38654 -4.04125 -5.09697
# init_log_rec_devs:
 0.00000 0.00000 0.00000 0.00000 0.00000 0.00000 0.00000 0.00000 0.00000 0.00000 0.00000 0.00000 0.00000 0.00000 0.00000 0.00000 0.00000 0.00000 0.00000
# log_rec_devs:
 1.36246e-006 0.940817 0.995130 1.03313 1.05429 1.05699 1.04775 1.03704 1.02249 0.994096 0.948583 0.915770 0.902324 0.885708 0.879472 0.881135 0.880847 0.874793 0.811121 0.700421 0.606410 0.534411 0.484248 0.454606 0.442205 0.452197 0.449250 0.446157 0.433798 0.414537 0.385258 0.322533 0.252275 0.170035 0.0897523 0.0447204 0.0239640 0.0363259 0.0165454 -0.0797314 -0.232545 -0.303705 -0.299354 -0.241736 -0.328226 -0.418669 -0.409266 -0.370830 -0.345198 -0.432073 -0.495979 -0.488751 -0.512055 -0.611615 -0.640669 -0.709643 -0.838916 -0.922321 -0.900918 -0.962821 -1.00590 -1.11926 -1.24737 -1.44838 -1.57386 -1.47119 -1.28028 -1.05775 -0.831301 -0.758334 -0.669701 -0.514580 -0.314826 -0.170957 -0.0298885 0.117463
# log_m_nodes:
 0.00000 0.00000 0.00000 0.00000 0.00000 0.00000 0.00000 0.00000 0.00000 0.00000 0.00000 0.00000
# log_age_tau2[1]:
0.325000000000
# phi1[1]:
0.0100000000000
# phi2[1]:
0.500000000000
# log_degrees_of_freedom[1]:
5.35000000000
# gamma_r:
0.00000000000
