# Length-weight data file for females
# Number of observations
4859

# Observed lengths (mm)
481
524
435
449
500
450
572
402
391
540
347
484
521
505
500
499
502
505
537
512
474
568
554
503
574
656
565
522
543
477
575
540
573
553
527
489
573
527
521
508
605
535
523
392
500
581
519
568
529
564
559
589
542
490
520
485
498
531
520
530
546
533
564
621
541
503
484
602
594
600
482
592
541
485
539
592
544
422
382
544
545
532
449
521
382
504
431
559
511
487
517
491
521
510
525
506
525
375
365
600
574
476
500
527
558
557
559
498
478
516
522
540
506
514
335
755
525
510
375
550
560
503
510
612
476
531
577
282
499
576
521
520
520
541
545
581
521
496
571
559
545
520
530
400
512
532
801
524
565
520
525
510
420
486
482
515
431
521
545
486
495
552
415
464
434
581
465
609
483
527
518
514
602
557
503
575
416
464
514
601
480
570
581
585
456
299
506
621
572
547
505
478
276
594
508
523
456
420
596
490
500
532
413
520
538
512
457
562
580
485
592
541
493
519
502
490
510
490
496
386
431
442
483
572
652
555
447
595
454
562
235
568
540
550
550
345
500
551
515
525
510
570
357
336
294
350
373
542
435
520
536
622
505
550
420
540
538
601
505
506
185
410
535
535
494
623
584
540
519
535
375
576
310
520
525
500
552
570
503
537
547
440
436
508
504
477
540
582
428
530
555
359
450
489
580
515
525
485
455
317
525
355
553
530
470
575
600
565
725
495
495
580
540
525
515
151
605
545
515
505
530
680
540
475
332
540
365
500
515
390
575
240
420
316
440
365
420
281
496
395
370
471
405
520
555
370
235
205
560
472
461
353
530
570
230
420
570
457
277
273
401
425
575
346
512
393
529
407
397
415
506
296
371
383
350
491
495
300
375
264
293
307
339
137
329
168
212
390
316
556
522
515
381
352
374
283
460
525
477
513
361
408
479
560
485
495
176
469
413
472
374
680
542
356
348
321
615
544
535
575
505
615
455
465
500
500
570
580
465
415
510
545
480
450
338
515
374
337
321
518
434
356
617
362
496
327
513
362
380
357
503
323
399
408
500
562
330
533
200
510
610
388
538
405
396
515
560
590
645
205
480
585
505
575
535
200
220
215
520
230
200
545
235
495
510
500
540
510
525
665
205
650
185
200
520
470
305
235
215
445
310
540
495
240
345
195
205
210
480
505
195
320
240
505
510
305
225
575
590
250
525
435
385
195
205
200
205
455
420
280
480
550
510
550
500
535
505
565
500
460
585
535
575
495
460
485
450
525
550
490
500
495
510
425
510
520
500
540
500
505
570
475
650
520
510
400
515
500
510
580
675
580
605
525
510
580
590
535
400
550
515
485
680
370
555
140
580
465
515
465
500
280
515
535
520
525
380
245
570
565
515
545
530
240
600
350
380
330
525
365
255
470
505
510
560
575
500
455
505
340
480
515
525
255
155
585
525
500
480
385
460
530
240
315
265
500
550
430
515
520
515
455
330
515
505
530
525
155
240
465
515
545
550
505
505
520
520
505
495
170
540
505
475
500
500
530
230
495
495
475
500
535
530
540
400
505
575
295
525
510
420
485
380
370
530
525
485
415
470
500
530
510
480
335
490
545
540
440
475
450
570
485
510
510
520
560
530
520
515
530
485
520
390
530
375
490
535
400
240
165
145
263
316
495
470
555
155
300
260
260
235
545
500
225
500
530
460
485
525
500
525
255
240
235
535
290
550
140
550
515
230
540
425
320
535
535
365
240
530
480
315
565
495
535
444
365
300
495
510
405
445
365
510
410
510
460
565
505
455
340
500
520
530
485
460
575
560
500
545
495
340
580
485
475
530
600
555
530
515
485
515
350
605
520
395
700
535
495
465
520
525
490
495
505
545
580
525
530
375
500
540
510
545
525
510
495
550
645
490
575
450
620
500
570
400
535
530
575
535
550
240
435
335
520
510
550
520
260
530
475
565
580
570
390
390
535
555
520
210
305
535
455
515
500
490
540
495
555
510
480
455
510
545
510
485
490
510
315
520
520
460
510
525
530
510
520
525
510
545
530
515
495
480
535
495
535
475
540
520
575
530
455
460
545
515
500
415
550
540
280
280
510
560
535
465
505
545
605
495
550
510
330
195
510
515
285
550
505
475
265
520
520
525
445
545
190
505
445
480
465
540
235
505
530
530
535
390
505
290
345
495
415
385
465
510
390
340
450
525
515
500
535
350
515
540
540
495
475
565
555
465
520
475
490
460
350
395
510
440
325
215
260
485
265
315
510
445
375
520
350
240
480
500
230
360
550
245
340
510
535
490
505
520
505
570
575
520
500
550
530
510
490
525
515
425
495
535
530
520
625
480
530
395
525
315
265
450
485
495
360
530
340
295
250
230
310
255
235
575
255
295
510
385
340
310
570
385
330
400
220
295
290
255
230
375
550
490
420
510
400
510
360
535
445
510
505
485
550
540
530
535
265
485
410
360
500
520
365
520
370
415
715
495
385
570
540
480
395
525
500
520
185
405
265
495
485
335
395
300
275
225
195
470
240
465
380
600
520
295
250
475
520
520
220
230
285
490
545
485
575
525
500
480
230
540
545
420
540
340
275
550
485
300
485
470
595
550
530
515
525
540
555
570
395
550
550
360
470
530
520
480
560
400
455
475
560
540
550
500
335
505
465
440
305
360
305
265
385
575
490
550
265
525
515
410
540
355
290
485
530
570
510
310
530
520
480
530
535
455
505
415
565
495
540
375
480
395
440
530
480
510
535
235
505
480
270
520
495
475
450
475
495
460
535
490
495
530
525
480
505
525
575
465
275
535
385
535
505
515
225
530
465
300
385
390
390
445
135
300
515
500
485
530
485
495
485
305
285
550
550
420
240
525
525
505
525
485
515
530
510
565
515
305
500
335
445
570
210
490
485
455
365
245
290
235
325
305
330
365
375
485
300
290
360
305
280
280
555
410
280
480
485
330
405
255
330
235
390
530
445
475
290
290
320
515
510
470
250
535
240
450
390
535
355
545
580
550
325
320
510
525
520
560
475
370
550
425
325
400
315
290
310
405
535
320
320
540
345
395
355
365
370
575
465
275
425
520
535
515
550
475
550
625
530
520
470
509
300
320
360
390
465
375
520
485
540
510
396
509
441
459
341
410
425
599
510
403
547
618
583
510
550
515
518
571
565
380
604
514
573
542
526
482
590
592
501
593
501
495
330
300
440
510
520
431
558
507
555
250
520
520
405
475
330
470
565
540
400
220
220
205
510
375
220
220
415
450
215
365
385
535
520
510
520
480
495
535
555
525
490
515
480
555
330
490
490
500
500
395
495
510
220
270
455
550
550
450
515
475
535
510
630
285
270
290
480
520
620
570
480
520
480
555
460
520
440
470
550
515
350
475
295
535
520
590
495
435
255
565
460
355
415
290
480
550
550
490
485
580
520
575
610
485
530
585
535
550
545
350
255
260
255
525
515
475
455
390
525
385
200
280
575
405
505
485
495
410
450
530
450
470
420
435
325
415
565
565
495
540
395
290
540
580
475
385
535
530
520
315
520
305
355
425
515
645
520
470
515
445
455
455
525
510
350
550
575
450
305
520
320
550
530
525
545
560
500
255
240
330
495
710
500
485
405
535
530
545
505
515
510
485
515
525
535
450
400
520
475
600
585
520
550
530
495
480
580
565
435
425
500
520
540
475
530
540
390
505
400
600
425
510
375
235
280
370
560
520
490
480
365
415
485
278
618
568
305
310
320
457
445
363
236
308
360
315
300
257
309
298
356
295
279
356
216
264
636
291
393
515
545
440
610
540
385
620
555
505
510
315
520
330
265
515
410
530
230
260
255
510
605
550
250
205
295
545
500
260
255
445
585
530
375
325
425
485
565
225
500
395
495
535
570
415
380
385
320
395
360
320
445
545
485
475
300
500
495
455
510
410
380
490
465
400
365
405
500
500
345
330
495
355
375
460
505
535
460
505
535
540
520
520
550
525
555
440
525
525
565
530
475
545
370
500
510
610
220
510
525
360
235
530
500
245
510
425
270
265
530
460
555
525
540
565
515
510
725
535
510
310
375
295
355
490
510
555
500
295
535
535
455
545
410
580
565
500
555
520
475
505
600
500
370
555
500
525
520
555
385
375
475
545
440
460
510
520
510
240
365
490
530
465
550
515
350
415
460
485
565
410
465
485
425
525
410
495
500
365
567
534
533
333
548
471
434
531
264
560
528
503
263
280
548
553
406
531
500
485
568
564
500
240
281
585
490
401
566
246
510
534
265
395
310
602
444
560
474
521
494
571
466
515
440
587
355
510
480
480
365
290
200
465
400
525
510
545
495
520
325
295
400
340
375
360
405
485
550
530
440
550
345
295
295
272
576
365
484
525
340
550
350
540
505
565
455
505
330
350
470
510
510
325
530
345
540
540
365
535
605
285
530
330
480
480
220
525
390
510
505
555
485
544
550
495
505
375
510
550
200
230
560
480
455
560
455
550
525
395
535
510
480
560
505
475
520
380
490
391
584
522
508
514
390
501
437
422
648
380
480
527
412
492
570
510
225
285
514
581
550
280
285
215
495
465
370
510
220
545
505
520
490
455
200
525
520
470
570
515
535
518
439
590
547
335
480
535
480
500
530
480
515
520
530
535
485
565
535
450
580
565
480
590
520
485
455
530
485
395
475
455
505
545
475
400
520
555
530
535
495
475
505
500
440
320
430
520
460
480
530
425
370
550
455
510
495
535
595
530
515
575
545
505
555
495
535
500
525
500
510
510
510
550
565
520
430
495
510
510
520
530
345
460
510
495
520
595
545
510
525
540
495
470
535
580
500
555
520
510
495
535
425
515
530
510
540
470
510
510
535
450
505
195
235
325
185
455
495
250
205
165
560
210
470
500
545
455
480
520
510
520
195
130
160
240
135
360
255
545
145
540
380
395
135
235
250
240
430
550
505
495
145
535
540
495
250
650
185
500
320
475
550
480
385
355
165
255
270
240
510
285
240
530
530
320
530
195
505
480
600
250
335
215
205
210
650
200
550
600
535
525
235
145
470
500
515
535
525
375
200
520
560
460
635
472
580
541
465
415
520
470
505
472
515
540
330
620
430
520
535
445
485
520
520
520
270
495
540
520
240
525
510
505
505
500
555
580
530
540
450
545
540
500
500
240
565
510
250
560
515
250
400
520
475
490
385
375
545
530
485
570
485
495
410
550
385
500
495
515
550
245
270
540
550
445
590
245
530
490
515
440
535
575
260
535
305
690
295
290
530
215
460
495
565
500
530
430
295
505
515
520
420
510
475
535
515
495
485
555
455
435
530
505
525
230
575
520
505
580
525
555
500
560
520
210
275
250
465
660
575
545
500
555
520
500
510
515
535
515
510
545
575
505
225
290
495
505
465
520
510
550
515
655
365
545
430
565
520
540
525
520
435
480
400
515
580
385
240
495
500
565
365
565
540
240
235
310
180
540
550
240
640
495
535
465
405
495
495
400
550
575
350
250
545
520
540
450
540
590
360
495
415
520
430
220
195
520
590
600
345
510
510
585
570
240
265
530
545
505
580
490
540
505
335
565
640
520
345
250
645
475
575
420
455
395
540
555
515
245
540
560
565
555
540
535
565
535
495
525
245
220
250
530
555
570
285
575
565
420
265
520
565
515
585
235
450
505
465
520
510
540
540
310
545
415
570
190
540
250
505
555
205
215
125
185
445
230
520
235
215
220
470
150
190
210
150
130
420
220
455
525
565
555
525
450
270
525
530
530
440
140
565
140
135
130
140
135
135
145
150
225
205
530
130
525
445
440
545
475
470
475
515
495
530
480
435
530
390
445
555
480
540
495
530
550
545
530
520
540
505
535
495
330
520
540
490
225
205
160
555
485
540
215
230
200
285
220
460
550
570
570
547
554
560
505
518
611
580
563
539
595
550
314
640
321
645
535
590
600
555
165
570
535
230
250
245
285
250
560
550
550
490
210
245
560
495
505
575
475
520
390
530
585
575
530
225
205
550
565
545
545
555
535
470
555
625
585
585
510
145
505
535
520
580
515
455
540
200
235
565
545
600
560
535
525
265
240
210
530
525
425
520
545
365
475
460
470
490
550
475
485
575
525
465
240
475
270
495
510
375
510
530
510
270
535
520
480
500
550
520
485
525
430
450
550
430
275
560
520
570
475
300
495
545
510
215
535
375
540
235
535
495
400
505
500
530
265
510
450
355
555
530
535
615
525
585
540
540
210
220
515
530
280
475
420
225
495
505
490
475
510
545
680
515
535
530
535
415
560
520
530
470
445
565
505
390
520
245
385
220
495
420
455
500
550
620
525
505
525
560
565
555
520
225
290
155
560
520
530
530
250
535
240
250
460
505
535
540
400
515
490
365
455
535
575
470
375
535
500
590
215
255
260
220
520
530
300
235
595
495
375
530
385
490
435
335
245
520
550
530
435
400
475
610
525
520
530
520
590
565
230
245
250
195
575
660
475
215
540
565
250
560
500
485
520
520
590
410
570
510
405
515
510
510
540
540
495
445
540
510
565
210
505
485
495
520
520
440
530
505
480
475
520
715
500
515
530
535
510
435
470
490
495
505
525
500
485
535
530
435
560
296
275
530
342
218
599
132
574
271
334
510
335
482
247
245
252
390
552
570
537
343
538
562
612
297
565
280
341
668
550
126
428
561
565
311
285
264
230
302
231
275
254
662
293
332
594
597
384
262
455
388
277
284
255
475
490
415
185
306
200
465
505
525
555
550
435
525
460
525
500
455
535
590
580
565
535
530
550
550
470
495
600
380
595
401
538
316
318
516
256
572
140
520
540
520
545
515
455
470
565
540
535
605
495
400
535
550
560
515
530
540
510
405
440
525
485
572
567
535
575
520
565
360
530
520
452
571
582
555
405
500
515
545
400
450
560
475
545
470
530
490
524
550
533
572
535
464
518
558
580
490
555
515
520
585
225
425
440
490
578
435
135
485
475
510
550
520
595
515
410
535
575
485
480
575
485
390
582
477
655
545
565
450
355
210
500
505
530
340
545
580
585
525
590
510
435
565
649
615
400
495
485
570
415
550
510
235
395
525
265
540
580
485
495
515
445
385
410
595
605
495
520
535
535
530
525
370
400
530
450
515
555
305
230
505
215
385
430
550
460
515
480
415
470
425
230
515
475
545
480
500
510
385
555
410
540
430
555
465
370
560
535
495
475
250
580
260
385
425
210
500
535
495
255
535
230
380
465
475
245
500
445
420
270
220
385
245
405
340
520
405
520
470
480
550
265
210
205
230
210
220
260
550
250
310
520
515
305
520
565
535
515
535
250
550
135
535
445
515
465
305
535
505
270
565
565
630
505
355
520
205
555
400
440
615
550
600
415
505
555
190
525
525
560
285
235
230
550
405
530
525
485
525
385
520
300
380
500
245
215
575
455
540
550
485
570
555
475
465
530
320
565
575
540
505
490
520
550
305
390
550
310
495
370
420
605
575
560
370
325
360
295
535
530
535
520
455
185
535
410
370
285
210
205
580
570
195
300
535
525
190
200
345
395
495
435
290
190
145
190
475
500
520
525
210
530
270
465
395
635
485
545
520
460
465
500
495
320
550
440
320
475
485
480
310
310
230
425
510
430
195
575
585
520
575
235
545
580
555
405
440
495
390
560
495
400
465
515
620
540
515
480
690
540
515
470
555
490
495
510
500
520
540
545
505
430
570
565
510
265
525
505
530
510
470
450
375
495
580
225
435
535
565
365
570
485
530
540
470
515
480
544
510
452
502
521
512
490
542
551
623
531
555
529
542
544
572
485
235
505
610
260
470
475
520
530
535
550
525
620
475
535
500
580
530
575
550
410
490
425
490
495
535
510
566
382
565
538
535
530
495
510
250
590
510
330
550
520
550
480
555
530
510
370
380
420
279
156
140
230
515
500
561
497
500
705
485
500
490
645
575
540
552
532
542
533
365
500
510
530
525
495
567
479
595
534
509
556
368
586
474
552
485
286
590
413
277
500
455
572
445
495
485
550
535
495
320
490
420
515
460
555
160
400
400
230
200
370
555
385
530
390
328
266
480
475
560
505
365
382
486
304
550
455
560
251
550
565
495
400
435
530
305
475
200
495
550
495
520
255
450
560
535
540
465
225
525
450
530
465
285
485
485
520
525
540
470
545
455
465
490
530
510
545
365
495
460
365
480
525
505
585
470
535
520
350
355
360
570
375
360
294
555
475
485
355
370
270
530
565
545
380
430
390
425
190
225
535
540
330
555
445
425
540
455
425
550
450
540
550
215
430
350
400
430
385
445
555
235
290
500
510
285
400
450
565
600
460
435
495
575
566
412
553
472
505
572
442
242
468
585
603
430
462
587
446
264
328
405
564
273
573
590
610
590
577
540
290
200
235
565
610
525
490
395
515
520
500
525
575
565
525
215
550
565
555
585
605
300
300
365
490
460
450
310
375
220
455
530
555
545
300
420
490
540
600
330
515
445
420
445
415
475
575
495
605
400
525
565
550
340
530
305
535
450
245
510
500
470
495
130
265
495
330
560
530
525
145
530
560
235
595
565
545
510
570
258
453
543
520
305
530
500
510
357
470
475
522
503
540
459
522
324
436
335
385
359
517
476
558
505
510
525
555
550
520
335
515
490
510
235
752
550
335
555
590
223
550
245
667
505
526
573
445
515
525
515
545
530
535
515
280
565
540
350
550
385
400
240
590
520
200
430
420
560
480
415
540
370
485
230
515
385
515
505
550
545
535
505
540
385
545
520
510
520
530
535
510
570
325
515
385
460
495
485
470
485
495
260
575
515
460
380
500
410
355
305
485
535
530
335
578
510
380
590
490
530
485
555
385
405
530
305
510
450
375
320
385
465
470
365
545
335
350
335
450
465
495
455
397
520
405
525
275
260
250
430
470
445
450
520
455
530
365
235
460
495
495
480
240
255
510
555
560
550
530
525
340
235
540
485
590
245
515
520
255
250
280
245
285
260
520
535
520
550
485
500
640
595
520
530
585
555
505
520
285
515
505
515
440
295
505
505
280
320
500
465
555
605
505
575
440
530
485
455
560
570
555
530
490
495
445
515
485
505
475
490
520
515
480
325
440
530
520
285
525
425
435
330
375
345
575
515
475
595
440
385
535
530
500
585
530
255
325
420
575
520
550
490
515
530
550
570
550
465
455
385
470
490
445
485
405
365
525
255
260
565
573
241
530
470
510
540
345
445
515
520
525
560
460
540
525
495
545
545
490
490
515
565
475
540
530
520
595
550
510
505
520
525
665
515
475
535
480
575
425
455
520
525
550
565
360
620
515
520
315
550
525
450
510
460
340
525
495
525
505
530
535
545
530
465
550
545
545
540
530
525
515
390
565
445
590
445
550
430
515
520
515
540
345
460
545
540
540
525
550
250
500
520
530
525
550
535
515
535
515
540
645
535
575
490
520
460
380
535
495
325
490
210
430
430
505
440
365
240
290
325
290
500
300
510
270
290
475
515
530
520
300
335
360
495
325
500
520
455
320
410
340
295
270
525
465
545
380
500
265
275
355
360
545
320
340
492
663
222
232
205
220
162
680
640
702
635
671
255
510
583
252
257
555
232
580
293
252
577
355
433
515
296
546
545
535
485
464
552
581
530
539
413
523
530
511
559
486
660
248
215
473
552
589
660
235
555
640
252
307
224
148
495
273
228
374
656
235
463
343
555
585
599
447
447
351
448
580
524
611
585
532
305
500
525
537
572
493
567
539
582
568
545
515
528
600
560
572
452
481
476
524
456
495
519
541
488
546
579
443
487
588
438
537
502
305
529
574
461
686
583
416
470
462
612
402
482
427
482
531
550
386
546
510
246
398
488
582
574
530
480
570
534
432
476
555
514
566
469
445
357
620
252
235
329
507
578
422
205
706
224
564
549
526
582
568
555
471
521
516
640
481
462
196
514
542
514
537
228
695
600
238
671
213
210
275
574
542
597
432
520
405
482
507
270
615
256
660
243
208
532
553
578
426
606
387
376
458
466
476
519
477
536
410
196
501
353
338
533
445
501
576
544
499
556
592
549
379
554
567
516
528
568
497
672
450
501
542
601
529
444
584
533
514
565
558
433
605
346
403
196
464
575
605
508
503
539
529
533
571
525
479
506
555
361
558
345
395
521
392
226
569
292
532
495
441
318
270
499
444
516
575
515
595
566
580
506
502
605
563
487
449
582
455
456
512
490
670
522
422
422
601
545
381
256
136
513
514
425
535
350
272
575
555
565
475
515
535
385
325
535
305
515
530
475
525
545
520
395
230
535
305
560
390
315
515
285
430
530
510
500
480
320
320
510
500
540
565
265
545
250
285
285
505
505
490
530
310
210
275
220
145
225
255
185
220
140
255
200
225
210
240
220
520
220
215
140
565
515
530
510
550
195
130
515
575
510
510
455
230
205
195
515
520
380
505
525
520
520
455
297
378
185
585
535
460
460
545
585
610
475
515
405
290
605
410
525
440
260
415
500
585
375
455
270
525
305
480
320
530
570
550
520
195
450
495
515
450
320
535
525
515
425
340
415
280
440
510
520
560
265
510
465
565
290
135
130
485
515
440
525
220
385
525
545
540
135
580
311
576
286
605
289
318
632
351
565
480
513
545
485
521
436
277
530
599
238
245
398
408
554
586
276
495
435
400
410
140
572
384
275
332
240
570
554
540
373
500
600
432
310
611
550
385
366
415
475
612
605
535
328
590
450
601
588
432
526
608
422
475
354
328
542
584
550
338
540
400
595
310
450
380
372
430
540
430
495
315
495
446
470
485
520
540
495
420
520
220
325
530
545
540
325
490
510
420
450
555
515
525
555
450
430
460
515
475
530
560
550
335
385
340
425
505
535
515
595
445
500
290
470
400
505
420
440
565
385
485
375
545
480
530
330
420
445
545
500
410
374
542
325
515
515
575
285
420
515
600
520
515
460
520
460
500
605
250
535
500
500
505
545
535
505
525
505
525
580
555
470
485
555
490
500
335
625
465
445
550
315
500
360
550
565
540
500
370
540
565
500
410
540
450
410
530

# Observed weights (g)

1044
1266
722
806
1128
760
1614
586
502
1344
388
1008
1024
1162
1174
1250
1240
1220
1370
1210
970
1480
1536
1083
1443
2156
1494
1237
1317
994
1745
1391
1647
1526
1185
1079
1804
1232
1186
1147
1902
1306
1310
553
1095
1647
1079
1729
1353
1401
1367
1611
1256
1043
1193
1031
1223
1280
1251
1261
1304
1385
1438
2230
1257
1129
1020
1946
1592
1897
1072
1819
1624
845
1290
1794
1460
654
502
1502
1294
1464
834
1240
506
1180
708
1400
1338
1103
1340
1205
1230
1206
1310
1092
1392
472
438
1800
1606
909
1023
1194
1434
1423
1620
1131
932
1240
1392
1279
1118
1139
316
4254
1294
1104
474
1460
1387
1201
1230
1772
995
1317
1483
184
1071
1760
1111
1206
1075
1418
1261
1606
1299
1065
1657
1596
1276
1098
1142
580
1316
1123
4990
1270
1218
1098
1272
1018
706
1088
922
1152
668
1150
1288
1010
1022
1494
678
824
712
1662
833
2865
994
1401
1248
1021
1983
1405
993
1652
674
815
1236
1732
1092
1863
1755
1682
898
235
1168
1917
1799
1480
1142
894
964
1916
1229
1183
833
665
1906
1129
1098
1621
622
1213
1455
1304
794
1565
1667
597
1608
1472
1030
1228
1040
982
1198
948
969
458
545
865
937
1635
2556
1288
788
2047
790
1456
122
1534
1270
1358
1520
340
978
1512
1218
1162
1054
1500
391
300
197
357
408
1354
688
1164
1176
2095
1174
1308
800
1238
1352
1814
1083
1134
52
690
1370
1338
1058
2137
1672
1304
1302
1496
474
1528
256
1354
1458
1062
1307
1415
1136
1270
1254
650
649
1322
1044
846
1494
1670
703
1188
1534
395
892
1002
1898
1324
1098
1134
900
291
1332
466
1396
1200
1040
1519
2122
1456
3768
1160
1262
1914
1328
1202
1162
29
2110
1456
1192
1374
1298
2760
1332
1060
326
1306
482
1258
1228
554
1844
105
655
256
665
430
645
204
1101
545
454
821
558
1185
1525
520
110
75
1322
966
813
400
1386
1574
92
740
1537
811
189
163
588
682
1520
386
1175
520
1298
658
532
640
1178
318
452
474
399
972
1121
233
463
158
214
219
327
19
285
34
68
498
274
1578
1264
1130
465
373
442
194
775
1315
1015
1123
433
585
978
1674
975
1061
45
949
597
949
461
3160
1322
391
402
282
1914
1419
1294
1480
1062
2548
918
906
1012
1108
1540
1570
886
610
1246
1210
916
788
351
1086
432
328
282
1121
668
387
2180
407
1071
300
1069
351
483
404
997
279
505
549
960
1396
300
1316
60
1128
1902
483
1423
513
507
1266
1444
1758
2328
74
1022
1834
1122
1714
1372
76
108
76
1246
96
72
1208
138
1160
1294
1070
1320
1130
1452
2568
74
2406
52
60
1228
1016
254
100
88
964
264
1560
1136
112
348
56
66
114
942
1040
60
318
114
1174
1140
270
92
1646
1828
164
1324
660
516
72
64
66
70
792
666
200
922
1294
1124
1356
1042
1282
1100
1368
1098
812
1690
1296
1452
1124
806
994
758
1016
1262
966
1048
948
1166
714
1136
1126
1054
1366
1046
982
1428
1006
2348
1020
1224
544
1246
1174
1130
1396
2760
1566
1850
1242
1452
1656
1880
1182
630
1222
1042
1070
2432
396
1392
24
1488
860
1044
824
1200
202
1156
1366
1102
1234
492
118
1458
1392
1072
1230
1112
108
1676
386
434
340
1308
454
150
838
1034
1086
1354
1658
1126
836
1006
362
886
1110
1226
144
32
1862
1218
1004
892
516
892
1228
92
286
180
944
1308
718
1148
1216
1128
774
296
1142
1060
1214
1206
34
126
1054
1278
1428
1372
1118
1086
1248
1178
1098
1150
40
1372
1214
882
1036
1092
1252
104
1078
1056
1000
1088
1278
1262
1346
586
1172
1466
242
1314
1116
604
990
548
444
1304
1158
1020
654
850
1148
1238
1170
1010
342
966
1328
1284
792
994
758
1564
1074
1112
1062
1296
1420
1284
1260
1322
1302
1016
1130
518
1278
448
1022
1312
578
120
38
25
148
249
922
906
1384
32
240
156
152
110
1272
1144
108
990
1266
792
890
1362
1056
1216
144
124
122
1382
202
1392
20
1352
1236
104
1370
616
280
1238
1288
398
120
1352
966
272
1390
1016
1300
731
430
234
944
1124
622
766
430
1078
590
1132
740
1600
1090
750
350
1008
1138
1180
1036
816
1585
1615
1070
1484
1038
366
1565
1120
930
1330
1855
1465
1250
1125
1025
1300
380
1825
1225
568
3295
1230
1125
880
1122
1384
1066
1124
1160
1640
1994
1208
1460
508
1074
1264
1096
1422
1386
1206
1128
1538
2472
946
1700
840
2174
1134
1568
572
1306
1166
1548
1242
1358
116
740
346
1170
1154
1364
1376
146
1360
892
1658
1700
1654
520
576
1188
1608
1210
70
236
1416
966
1274
1150
946
1210
968
1452
1140
898
854
1184
1386
1150
1002
1022
1114
258
1176
1304
768
1236
1296
1280
1142
1168
1106
1112
1244
1216
1182
958
1032
1288
1072
1266
954
1308
1050
1924
1212
812
882
1330
1260
1222
774
1338
1400
176
178
1120
1452
1292
906
1184
1290
1748
944
1408
1238
296
56
1064
1198
204
1426
1054
894
146
1144
1094
1284
778
1376
56
1032
782
912
856
1378
104
1104
1266
1308
1332
512
1086
214
360
1092
584
556
856
1026
568
318
762
1196
1258
1094
1240
390
1274
1264
1448
1078
964
1496
1508
936
1206
926
998
886
374
534
1042
780
300
86
146
1046
162
276
1054
710
438
1306
360
122
868
1046
104
412
1232
130
336
1176
1446
1078
1068
1292
1130
1426
1421
1406
1092
1482
1280
1231
1028
1266
1158
736
1150
1236
1412
1090
2390
1108
1318
614
1298
264
168
708
998
1078
436
1294
326
216
174
100
228
146
120
1611
144
232
1154
494
360
270
1660
528
282
550
92
214
224
144
106
468
1406
880
708
1082
604
1292
480
1356
822
1088
1132
1094
1428
1340
1292
1358
162
954
656
418
1344
1150
470
1086
454
622
2934
1080
541
1562
1446
998
528
1252
1008
1258
54
566
160
1074
1188
372
600
244
186
112
54
906
120
902
480
1764
1144
224
140
926
1140
1260
96
110
198
946
1450
940
1462
1180
1120
1144
104
1212
1382
638
1342
394
178
1416
1118
254
986
862
1628
1244
1230
1320
1268
1286
1332
1796
598
1512
1342
408
896
1326
1148
1012
1562
598
708
974
1446
1268
1420
1214
314
1118
826
682
270
418
258
150
498
1712
1174
1558
160
1276
1194
622
1370
422
226
942
1452
1370
1170
282
1300
1168
944
1188
1364
730
1078
688
1442
1150
1302
470
1058
512
846
1314
936
1118
1398
108
1088
978
186
1270
1006
968
732
932
1038
922
1366
1078
988
1232
1188
1062
1074
1224
1570
894
202
1306
478
1294
1126
1140
82
1416
788
244
530
562
490
814
22
258
1174
1072
1020
1388
1002
1050
980
266
208
1440
1444
598
116
1218
1286
1024
1250
980
1262
1382
1090
1416
1308
292
1184
340
834
1572
96
1050
992
852
520
144
228
114
344
246
328
390
468
1064
252
220
364
242
184
180
1566
584
194
1026
1104
306
666
146
292
110
540
1268
702
996
202
202
300
1210
1086
944
118
1248
104
900
524
1314
404
1406
1452
1272
316
294
1168
1284
1198
1354
878
436
1480
732
332
582
290
210
274
664
1232
282
298
1352
330
550
387
414
454
1578
874
156
698
1288
1280
1014
1470
1086
1386
2222
1186
1320
876
1190
234
264
396
540
902
436
1204
1044
1572
1290
629
1176
882
943
324
752
704
1723
1310
607
1461
2116
1796
1275
1427
1136
1201
1506
1515
516
1932
1251
1770
1193
1228
1026
1761
1696
1051
1760
1073
1146
298
230
764
1091
1151
772
1640
1174
1610
134
1184
1198
592
964
350
904
1352
1328
542
90
92
80
1214
518
94
102
618
864
78
460
560
1416
1446
1294
1286
934
1078
1432
1608
1262
1008
1102
934
1388
336
1018
1016
1050
1064
548
930
1250
90
174
868
1306
1332
824
1226
1056
1244
1166
2096
225
165
215
1032
1308
1976
1596
988
1142
952
1594
860
1214
772
908
1320
1210
394
910
166
1220
1278
1694
1038
636
150
1444
872
436
642
234
950
1434
1384
966
1052
1742
1216
1670
2118
1032
1396
1730
1334
1294
1318
416
145
150
155
1326
1136
1104
900
660
1218
515
65
185
1662
586
1162
974
1082
594
884
1276
920
852
580
686
304
574
1416
1388
1176
1424
534
214
1348
1606
1036
522
1164
1374
1186
336
1184
245
396
732
1201
2488
1328
914
1092
832
842
804
1144
1084
350
1344
1530
776
278
1244
328
1808
1352
1304
1466
1390
1001
162
114
358
1148
3210
1012
1044
582
1280
1376
1402
1208
1148
1182
954
1150
1247
1272
829
588
1076
982
1748
1613
1130
1437
1406
1094
980
1718
1477
698
710
1090
1277
1559
1020
1542
1287
622
1095
599
1779
754
1173
530
114
170
480
1366
1162
1084
940
424
646
914
200
2485
1690
250
273
287
842
601
432
115
370
420
279
231
159
256
235
383
224
179
407
81
155
1928
221
481
1042
1306
736
1616
1316
570
2196
1302
1082
1216
245
1210
325
155
1158
646
1162
105
165
160
1120
1798
1506
140
75
180
1382
1174
145
130
775
1760
1198
514
328
682
1056
1490
96
1134
550
1105
1135
1660
590
470
510
360
555
405
305
730
1350
1140
966
236
1114
1250
778
1230
662
434
1010
864
594
416
562
1104
1010
348
342
1116
394
438
822
1098
1326
938
1130
1322
1425
1172
1278
1404
1330
1425
772
1205
1135
1532
1306
978
1460
430
1065
1264
2046
90
1190
1380
414
106
1268
1022
114
1165
704
188
186
1224
955
1665
1245
1330
1625
1110
1055
3775
1252
1305
238
508
246
388
1118
1106
1456
1114
218
1440
1306
910
1408
604
1608
1526
1230
1440
1345
976
1102
1834
1046
468
1445
1140
1300
1080
1395
510
486
874
1390
710
850
1255
1258
1368
160
430
1166
1305
885
1305
1175
370
582
886
1010
1504
624
908
1046
738
1305
634
1148
1186
442
1860
1243
1202
316
1484
818
1044
1202
148
1592
1105
1102
138
184
1348
1414
634
1362
972
869
1697
1342
1014
110
194
1660
1011
600
1362
126
1163
1346
160
537
268
2093
742
1354
956
1274
1026
1564
898
1332
678
1710
390
1110
970
978
442
212
85
935
556
1342
1134
1322
1064
1196
276
238
594
336
446
440
628
930
1428
1186
768
1452
388
228
228
180
1580
407
918
1136
340
1472
344
1236
1128
1453
918
1142
344
392
1024
1270
1138
326
1464
412
1506
1406
470
1292
1822
224
1234
326
982
1186
98
1204
554
1034
1150
1534
985
1342
1400
1084
1195
498
1152
1432
72
120
1484
945
850
1405
770
1260
1380
530
1320
1365
930
1700
1255
1080
1125
480
1054
464
1679
1171
1067
1408
518
1261
710
697
2639
521
1096
1229
601
1124
1690
1111
100
184
1259
1744
1450
214
236
82
1055
820
405
1160
85
1365
1105
1150
1110
795
70
1205
1235
785
1660
1265
1325
1291
742
1752
1399
328
992
1300
1075
1055
1395
960
1234
1114
1376
1374
934
1512
1390
770
1634
1486
1030
1578
1246
972
808
1238
1004
538
912
760
1102
1250
936
556
1182
1508
1296
1524
1008
1032
1416
1174
762
296
662
1308
874
1010
1230
740
472
1404
776
1154
1064
1300
1754
1170
1228
1550
1364
1048
1672
1024
1322
1162
1108
1232
1260
1190
1195
1560
1490
1150
690
998
1182
1258
1208
1118
370
942
1160
1025
1098
1836
1270
1088
1345
1460
1098
942
1215
1630
1058
1515
1145
1050
1065
1112
702
1080
1375
1015
1360
835
1205
1190
1420
895
1055
72
134
316
62
942
1145
158
92
42
1498
86
906
1106
1468
828
1104
1208
1344
1252
66
24
34
142
24
476
166
1454
28
1344
522
575
26
120
162
131
746
1410
1164
1100
28
1280
1306
1096
164
2740
54
1194
322
978
1386
1024
574
430
44
168
202
144
1176
224
142
1212
1268
342
1318
70
1274
975
2110
162
362
96
84
92
2590
82
1696
1536
1320
1160
130
28
884
952
1064
1230
1254
418
66
1126
1710
858
2248
906
2059
1424
920
680
1295
910
1116
1023
1148
1282
314
1932
686
1072
1216
754
932
1196
1260
1174
185
1250
1315
1130
125
1285
1210
1084
1134
1124
1625
1758
1392
1386
796
1330
1355
990
1180
114
1625
1170
140
1715
1390
155
605
1270
1002
900
498
564
1330
1245
995
1510
1110
1100
732
1640
470
1165
1068
1222
1258
150
178
1352
1558
828
1665
120
1430
1088
1208
766
1252
1482
160
1288
248
3204
250
245
1264
84
806
960
1482
1050
1442
744
192
1120
1236
1296
606
1224
1062
1516
1118
976
1016
1522
852
728
1300
1046
1248
112
1662
1236
1200
1592
1212
1510
985
1405
1154
80
212
146
880
2498
1646
1550
1094
1395
1072
1108
1144
1162
1428
1152
1046
1340
1715
1250
84
220
1075
1185
895
1248
1034
1478
1155
2265
414
1230
706
1564
1128
1256
1214
1182
770
1008
588
1150
1910
448
122
1060
1095
1678
472
1654
1314
124
124
240
48
1580
1490
104
2310
1050
1240
886
556
1068
1188
618
1422
1704
402
120
1765
1230
1412
754
1416
1876
414
1102
668
1420
760
98
64
1368
1922
2210
364
1216
1046
1636
1666
130
170
1290
1406
1026
1698
1068
1388
944
326
1520
2500
1132
414
154
2785
905
1574
600
896
562
1405
1624
1220
128
1220
1438
1644
1372
1370
1484
1540
1404
1126
1394
138
90
136
1230
1384
1564
208
1696
1594
650
175
1186
1510
1262
1602
120
864
1195
895
1178
1154
1606
1340
278
1325
640
1540
66
1342
132
1228
1446
80
80
18
46
834
100
1272
116
82
96
928
30
66
60
28
20
698
102
846
1340
1670
1384
1318
926
192
1356
1342
1280
782
20
1544
18
20
16
25
20
20
25
35
100
80
1275
20
1180
720
760
1380
860
880
890
1105
1010
1320
1100
750
1250
495
760
1360
1050
1415
990
1305
1720
1365
1230
1325
1395
1025
1450
1025
345
1105
1315
1040
100
76
42
1395
990
1360
92
104
72
200
112
964
1328
1964
2193
1388
1511
1753
1408
1393
1962
1824
1829
1531
1929
1539
254
2593
284
2120
1332
2122
1900
1614
36
1670
1356
106
150
112
194
78
1478
1482
1402
1015
90
122
1438
1096
1025
1630
1108
1190
532
1342
1650
1610
1304
106
62
1372
1485
1390
1430
1465
1235
905
1445
2266
1650
1570
1204
24
1260
1426
1352
1624
1180
825
1320
68
88
1436
1452
2248
1816
1312
1200
168
132
90
1486
1416
724
1235
1335
426
802
806
868
1012
1386
902
920
1650
1170
950
132
890
200
1178
1134
450
1214
1224
1108
188
1336
1272
914
1020
1358
1178
1052
977
774
806
1426
762
202
1448
1176
1570
982
238
1032
1480
1064
110
1338
484
1516
120
1512
974
560
1162
1020
1232
168
1200
780
396
1640
1310
1276
2124
1110
1766
1460
1348
98
102
1186
1276
192
920
682
110
1112
1288
1062
1016
1214
1278
2844
1278
1478
1420
1312
650
1452
1320
1252
940
818
1444
996
512
1334
124
474
94
1104
724
880
1044
1372
1888
1280
1116
1244
1652
1654
1614
1264
98
242
38
1796
1156
1254
1226
156
1304
132
148
878
1148
1168
1400
560
1176
984
438
840
1306
1572
882
448
1240
1072
2300
96
162
164
92
1244
1322
226
124
1786
984
484
1606
518
1036
756
320
132
1134
1554
1258
824
652
914
1816
1274
1318
1236
1296
1800
1602
116
136
148
82
1552
2675
1115
110
1425
1905
155
1690
1175
1095
1325
1195
1800
725
1465
1230
635
1284
1088
1150
1294
1210
1050
875
1188
1204
1574
84
1202
916
1000
1224
1275
674
1202
1218
1040
1002
1272
3275
1345
1170
1270
1270
1104
732
950
934
1020
1148
1200
1120
1082
1338
1372
805
1870
209
180
1675
381
92
2085
17
1550
150
293
1050
340
1007
129
137
140
557
1464
1642
1327
515
1390
1589
1874
229
1577
203
318
2731
1473
15
775
1493
1421
229
190
172
94
251
286
161
134
2338
189
353
1887
1926
530
155
935
550
185
548
136
1012
988
624
50
285
70
862
1108
1190
1512
1376
673
1249
862
1219
963
796
1307
1623
1582
1376
1391
1313
1381
1449
1002
1084
2158
496
1864
576
1277
265
303
1232
134
1450
24
1285
1290
1548
1396
1152
858
975
1550
1285
1296
1954
1134
560
1515
1540
1522
1252
1272
1412
1085
640
720
1224
935
1970
1700
1306
1584
1305
1780
482
1352
1170
850
1865
1830
1365
676
1115
1230
1465
585
690
1558
970
1315
835
1488
1020
1290
1292
1225
1770
1345
1040
1445
1615
1740
1135
1580
1350
1140
1762
104
630
734
1015
1757
790
20
1150
970
1092
1260
1178
2165
1246
604
1242
1708
1040
986
1896
928
550
1890
995
2455
1380
1490
820
430
90
1048
1048
1176
364
1510
1632
1785
1382
1752
1084
660
1815
2125
1930
610
975
1142
1610
772
1344
1128
108
534
1386
160
1162
1724
970
995
1448
820
568
704
1778
2010
950
1410
1315
1312
1304
1282
494
588
1208
1000
1102
1442
260
116
1176
76
528
658
1406
878
1142
1032
610
870
578
108
1332
900
1352
994
1080
1102
508
1464
576
1372
730
1556
866
444
1582
1196
994
912
156
1596
150
550
710
78
1000
1200
1032
128
1274
98
520
892
976
138
1070
826
666
176
92
520
130
628
372
1236
576
1236
942
922
1540
162
94
76
114
90
90
144
1505
134
240
1245
1195
260
1165
1505
1338
1006
1386
158
1365
25
1365
795
1140
920
248
1280
966
166
1552
1736
1976
1168
394
1274
74
1466
762
892
1996
1526
1940
780
1170
1350
60
1215
1352
1474
234
130
130
1472
580
1278
1300
945
1250
570
1260
250
454
1148
126
82
1610
980
1566
1432
1042
1496
1502
826
942
1366
270
1642
1544
1218
1042
990
1318
1334
260
482
1460
288
1238
440
662
2098
1876
1584
478
298
396
220
1474
1334
1234
1226
893
50
1396
562
452
180
70
68
1716
1566
64
246
1334
1293
58
66
336
544
1028
742
198
56
28
54
1034
1134
1218
1444
76
1218
152
918
546
2130
978
1424
1176
792
840
1132
1026
252
1398
798
276
828
1020
902
272
224
132
644
1010
722
76
1738
1930
1364
1596
112
1196
1784
1590
600
710
1054
520
1478
1022
574
1132
1256
2144
1374
988
962
3006
1405
1235
1068
1426
1158
1030
1156
1026
1086
1418
1608
1194
690
1596
1578
1030
174
1382
1170
1240
1186
1022
854
540
1130
1576
80
850
1330
1376
462
1518
1034
1268
1186
942
1165
890
1318
1044
830
1110
1202
1104
1010
1392
1368
2192
1304
1528
1328
1242
1288
1514
1104
134
1178
2202
160
1024
1010
1115
1205
1298
1358
1226
2230
1076
1282
1168
1786
1290
1646
1308
640
1080
670
922
1052
1282
1174
1454
490
1484
1352
1412
1266
1006
1106
152
1882
1065
305
1475
1175
1576
955
1460
1155
1130
465
530
595
182
34
25
100
1105
1035
1532
1098
1012
2966
1060
1104
962
2176
1610
1400
1434
1366
1392
1425
450
1070
1202
1148
1369
1226
1583
927
1482
1422
1106
1591
437
1625
578
949
1056
226
1758
652
188
1122
722
1664
754
1012
1096
1404
1604
1102
270
950
680
1210
820
1350
40
595
610
110
70
440
1372
540
1356
574
316
182
935
915
1540
1110
472
471
993
286
1355
895
1665
145
1477
1615
1106
596
820
1354
240
910
80
1150
1476
1134
1114
154
780
1630
1480
1324
815
104
1048
792
1448
885
210
1106
1020
1264
1324
1262
856
1348
866
838
980
1272
1144
1440
412
980
870
418
850
1424
1214
1900
930
1400
1122
412
370
462
1720
536
430
222
1315
915
1000
414
494
196
1222
1506
1312
462
768
554
684
65
95
1340
1185
310
1284
756
714
1500
840
720
1445
955
1385
1440
90
770
400
665
810
514
784
1350
108
220
1135
1180
220
610
800
1568
1878
846
910
1080
1718
1806
668
1515
893
1297
1538
836
112
916
1970
2036
711
909
1827
752
164
317
571
1621
164
1487
1716
1730
1917
1833
1465
220
65
135
1588
1938
1316
1130
535
1435
1190
1088
1202
1818
1624
1126
92
1496
1638
1600
1844
2046
220
245
460
926
752
876
275
465
110
760
1322
1390
1362
250
664
994
1520
1844
326
1046
870
678
824
638
1102
1740
1048
2032
584
1308
1558
1412
382
1210
284
1278
922
120
1172
1112
958
1078
20
144
1076
328
1474
1404
1170
32
1232
1526
120
1760
1670
1492
1050
1536
156
790
1514
1258
226
1468
1138
1138
1292
940
1002
1454
1606
1500
842
1306
276
690
342
492
428
1316
944
1418
1096
1192
1314
1564
1534
1310
414
1286
1186
1276
116
3274
1414
306
1582
1756
100
1438
136
2574
1160
1268
1798
782
1234
1236
1104
1470
1240
1402
1100
190
1675
1388
364
1558
468
558
142
1796
1146
76
738
620
1418
966
622
1290
440
1018
95
1194
506
1126
1156
1514
1426
1298
1336
1304
540
1420
1262
1124
1328
1582
1416
1168
1818
325
1148
572
928
1008
946
854
966
1046
154
1590
1180
770
526
1130
610
432
216
972
1318
1140
334
1602
1170
504
1804
1082
1410
980
1622
500
600
1336
258
1152
724
492
262
482
932
944
428
1494
336
328
336
796
930
1178
768
630
1140
632
1350
200
170
170
612
860
740
726
1232
884
1256
466
104
886
1142
1074
1054
130
170
1288
1424
1716
1652
1190
1255
370
135
1290
1090
1925
145
1302
1310
155
170
200
155
220
165
1068
1498
1394
1568
1058
1082
2298
1722
1168
1224
1366
1560
1155
1280
195
1310
1068
1162
718
234
1170
1104
190
325
945
984
1536
1854
1102
1670
768
1224
972
886
1666
1712
1620
1280
1062
1230
886
1126
948
1094
1106
970
1208
1176
1066
284
810
1430
1226
194
1294
770
708
370
414
334
1576
1148
986
2380
704
610
1210
1316
1180
1326
1348
134
258
670
1764
1206
1286
1052
1198
1274
1416
1620
1542
846
808
484
932
956
802
976
584
420
1415
160
165
1538
1682
120
1306
930
1214
1364
416
764
1174
1212
1232
1434
945
1305
1134
1102
1462
1286
1016
1070
1296
1488
934
1350
1445
1064
1780
1278
1168
1156
1146
1450
2244
1212
946
1296
1022
1570
696
846
1154
1216
1324
1440
486
2002
1210
1206
340
1418
1402
980
1182
1046
382
1248
1040
1430
1216
1246
1306
1438
1292
800
1440
1638
1386
1314
1285
1585
1205
620
1645
775
1630
746
1385
650
1300
1226
1200
1400
385
918
1412
1426
1276
1276
1366
138
1112
1294
1384
1276
1554
1326
1196
1310
1114
1510
2305
1325
1732
1115
1250
893
504
1277
1010
298
1202
72
753
758
1036
811
468
100
220
284
218
1160
249
1054
160
200
959
1190
1174
1306
200
352
382
996
296
1090
1154
798
318
614
320
220
170
1306
924
1498
536
1114
166
194
413
433
1342
292
350
1134
1706
104
114
70
90
38
2832
2144
2776
2396
2562
144
1124
1656
112
150
1526
102
1892
220
142
1515
399
673
1067
246
1401
1367
1251
1035
850
1514
1659
1247
1213
695
1285
1186
1162
1588
1080
2362
148
80
981
1457
1578
2828
120
1628
2270
130
246
90
24
1086
182
98
536
2730
110
990
398
1546
1703
1833
804
808
358
826
1494
1314
1900
1618
1216
255
1164
1276
1520
1408
1140
1424
1420
1642
1396
1250
1102
1184
1918
1644
1390
850
1098
942
1302
812
1086
1262
1278
1074
1492
1628
824
957
1590
776
1118
1232
244
1268
1840
908
2644
1932
630
816
818
2124
638
1008
726
998
1230
1470
486
1452
1130
144
565
1134
1572
1746
1292
972
1660
1296
660
932
1430
1040
1458
872
784
396
2012
126
104
332
1090
1588
662
68
2846
96
1544
1354
1372
1570
1414
1616
950
1232
1266
2804
1060
920
78
1136
1440
1138
1338
94
1696
1836
124
2862
90
90
196
1506
1333
1584
770
1174
630
1008
1092
178
1968
144
2484
114
72
1248
1370
1958
656
1800
548
501
906
866
966
1252
892
1180
546
82
1140
390
332
1314
792
1063
1841
1657
1068
1666
1861
1471
518
1302
1551
1165
1422
1179
1073
2606
973
1153
1483
1862
1326
792
1235
1253
1274
1656
1562
740
1854
346
644
70
924
1366
1860
1072
1269
1485
1353
1253
1710
1539
1050
1235
1621
430
1412
371
601
1330
537
103
1464
242
1190
1098
773
294
200
952
750
1244
1532
1145
1890
1735
1648
1081
1332
1934
1730
1012
777
1608
834
944
1054
1010
2536
1136
697
635
1846
1468
500
138
20
1178
1172
740
1306
385
191
1518
1314
1628
906
1034
1192
612
331
1282
268
1164
1289
938
1188
1563
1240
571
117
1325
287
1210
583
320
1175
202
698
1212
1048
1045
1059
277
314
1038
1126
1466
1780
166
1508
137
207
199
1154
1092
1010
1304
256
77
206
114
26
114
154
58
98
26
160
68
114
82
132
100
1155
90
102
26
1805
1145
1270
1230
1615
66
22
1175
1745
1255
1130
1050
124
86
70
1190
1250
484
1056
1244
1152
1252
826
226
488
56
1695
1280
940
890
1506
1552
1778
1022
1156
594
216
2210
652
1162
698
130
658
1078
1912
434
804
176
1254
274
1026
298
1174
1698
1486
1124
62
792
1090
1024
814
306
1240
1336
1094
752
354
592
232
760
1172
1166
1428
154
1244
902
1432
230
20
16
1054
1068
682
1232
84
480
1158
1502
1366
20
1600
246
1638
216
1942
200
306
2042
394
1696
1060
1128
1370
1118
1270
770
202
1352
1750
124
136
630
634
1422
1818
196
1088
732
586
680
24
1870
510
168
380
120
1600
1434
1356
492
1159
1797
883
275
2141
1592
473
459
689
952
1952
1856
1298
322
1900
859
1676
1757
726
1309
2010
732
903
422
319
1306
1662
1359
356
1450
579
1942
244
805
550
550
665
1480
660
960
280
1070
976
888
920
1290
1478
1015
665
1340
110
266
1185
1356
1228
294
1114
1200
670
808
1356
1284
1184
1480
796
664
868
1108
1082
1250
1518
1308
340
498
346
676
1138
1278
1192
2096
700
1090
202
876
550
1310
706
762
1514
522
934
466
1434
826
1408
298
688
886
1482
946
688
505
1384
316
1270
1224
1686
198
585
1484
1840
1282
1234
910
1168
876
1020
2212
128
1364
1010
1004
1050
1318
1494
1076
1262
1200
1476
1576
1376
926
1186
1392
1126
1060
336
2288
892
806
1598
270
1024
492
1370
1606
1242
996
442
1310
1520
1214
584
1360
788
674
1380

999

