# Length-age data file for females
# Number of observations
904

# Observed lengths (mm)
555
520
570
545
535
520
545
510
570
565
480
565
540
515
510
520
550
520
460
640
575
545
610
535
495
575
510
605
500
500
515
550
535
505
555
535
535
520
530
520
655
495
640
550
520
600
525
575
565
465
585
555
535
449
586
522
553
531
455
545
516
558
542
512
535
535
591
558
504
560
540
561
556
451
516
511
490
520
515
490
530
485
600
160
530
501
505
545
430
575
505
515
545
340
600
565
545
565
540
430
550
510
490
270
550
520
460
535
600
665
580
540
535
480
525
545
570
545
485
450
570
580
725
530
550
505
520
540
495
490
590
495
545
605
520
335
145
630
555
505
490
385
525
520
520
515
535
460
500
495
505
595
455
515
555
737
554
540
483
510
505
515
560
535
450
495
550
540
577
483
605
560
625
550
610
517
568
494
563
630
422
535
555
605
400
500
505
590
510
560
560
530
555
625
522
540
440
565
550
500
465
525
615
480
580
430
525
645
485
565
530
555
520
580
475
465
235
515
400
545
565
560
170
580
175
155
550
500
510
565
550
535
510
445
555
545
525
545
530
550
580
565
550
555
555
505
510
560
530
535
585
530
530
710
565
550
550
510
540
490
530
515
520
410
555
485
450
505
490
535
535
535
510
550
240
525
520
540
480
515
450
540
520
420
435
515
580
545
490
500
495
470
500
510
500
500
510
595
600
530
420
515
545
565
575
355
400
555
580
510
540
530
535
555
580
525
560
560
575
515
590
525
515
525
510
620
530
505
505
520
505
540
500
480
520
550
525
510
475
525
505
518
395
458
400
428
520
435
518
610
530
580
510
648
362
498
530
577
590
530
631
566
708
510
525
510
485
510
485
575
535
535
445
530
585
585
510
195
580
535
505
590
385
270
285
315
580
340
350
365
350
585
545
585
435
545
530
555
530
325
415
645
495
520
582
365
602
615
558
542
518
590
518
535
532
399
588
382
590
562
580
570
577
438
570
561
388
630
392
322
495
550
525
520
538
535
510
510
555
535
535
455
460
530
520
465
400
525
515
365
570
485
390
520
520
515
495
600
525
520
495
485
570
420
275
500
490
515
550
430
370
560
525
175
570
155
140
505
280
405
270
515
180
165
505
155
565
150
460
490
510
140
160
535
495
540
575
550
410
395
285
545
535
545
345
570
580
580
410
565
525
160
530
470
535
575
380
550
495
515
375
550
465
175
495
455
515
540
340
590
510
345
550
515
450
470
500
500
490
530
535
390
564
535
370
540
574
571
606
524
570
535
549
608
610
580
533
618
536
565
530
702
505
525
530
500
485
465
485
520
525
515
520
515
520
510
555
550
520
505
210
520
495
495
525
310
570
575
625
530
535
505
535
245
470
575
490
535
485
545
530
260
500
495
405
375
535
660
560
510
535
595
540
550
525
640
540
610
550
540
575
540
620
530
500
560
565
585
570
550
550
555
590
550
515
545
530
355
605
530
415
575
545
545
574
623
615
485
315
586
485
482
502
558
530
518
479
495
477
520
530
485
535
550
510
460
505
382
348
346
432
515
402
505
530
401
510
590
535
515
525
505
485
575
590
520
630
520
555
480
510
605
450
500
500
535
640
525
535
515
440
550
595
315
535
485
540
570
555
530
495
495
420
490
515
510
450
530
405
558
506
568
431
551
539
508
605
548
637
660
480
487
570
580
579
628
557
490
737
495
545
618
540
580
525
560
540
575
595
565
505
585
530
490
510
540
510
560
535
570
510
575
525
490
540
560
535
545
605
620
680
560
540
670
595
595
410
525
535
525
520
545
575
535
535
520
530
530
375
545
590
572
382
615
590
490
531
510
505
505
530
620
635
520
545
560
545
500
580
530
355
510
440
500
595
560
565
580
575
555
295
655
625
520
535
510
510
175
565
175
510
180
145
525
545
490
545
595
480
525
523
389
655
524
608
564
567
604
488
584
482
616
488
565
501
688
588
452
537
612
624
524
550
585
540
580
570
545
525
635
735
520
650
495
500
505
410
620
670
630
565
525
540
525
570
560
520
530
520
495
135
555
570
510
470
555
535
525
380
545
380
355
465
245

# Observed ages

10
10
10
11
10
9
12
9
10
13
10
13
9
9
10
10
8
11
8
13
9
9
12
9
9
10
10
13
10
11
13
9
16
12
10
11
10
8
10
11
19
10
18
12
10
20
16
16
11
9
11
11
10
7
11
8
10
12
7
10
10
11
10
9
11
12
12
15
10
12
9
14
9
7
11
10
8
9
9
10
6
10
9
1
8
9
10
10
5
8
10
11
12
4
9
8
10
12
8
6
14
10
7
2
13
14
8
9
13
18
10
7
10
8
8
12
10
11
8
10
17
11
20
11
10
7
14
10
8
8
15
12
11
14
8
3
1
18
12
7
8
5
10
10
8
8
10
5
9
8
9
17
7
10
13
19
8
8
6
11
13
6
8
11
6
11
12
7
10
8
19
12
18
11
19
7
12
8
13
19
5
10
12
15
4
11
11
9
13
11
16
9
10
16
10
8
9
18
13
8
8
10
13
10
13
8
9
19
11
11
12
11
9
15
6
9
4
9
6
9
12
11
2
12
2
2
14
12
7
9
9
14
8
9
12
13
11
11
8
13
8
11
11
9
9
8
10
10
11
11
10
8
7
15
15
11
14
10
8
9
11
11
11
7
12
11
9
6
10
14
10
12
11
10
3
9
11
8
7
11
10
11
9
6
10
9
18
8
10
9
9
10
9
9
9
8
10
12
17
11
6
10
11
12
11
5
6
8
9
9
8
7
11
9
10
6
11
12
10
12
17
10
10
10
11
16
11
10
9
10
11
11
9
8
13
13
10
9
10
10
9
10
5
9
5
5
9
6
7
14
8
9
8
10
8
8
5
13
9
7
11
8
14
9
9
9
8
9
10
12
9
9
6
12
16
15
11
2
14
11
8
7
4
3
4
4
7
5
4
4
4
11
8
14
5
11
12
13
10
6
5
17
7
15
10
6
16
20
14
6
10
10
7
8
7
5
13
4
8
14
16
11
9
5
12
11
4
13
6
4
12
10
14
9
8
9
10
10
14
10
11
6
5
9
12
9
4
9
8
5
15
10
8
9
8
7
10
14
10
10
7
8
11
6
2
9
9
10
8
4
5
11
7
2
12
2
1
9
2
4
2
11
2
2
11
2
9
1
5
8
10
2
2
9
13
11
8
10
5
4
2
10
9
9
4
11
12
10
6
10
10
1
11
16
10
10
8
13
8
8
4
12
7
2
9
6
9
13
3
9
7
4
9
12
7
6
8
10
8
8
10
6
6
8
9
8
8
9
10
9
9
11
9
16
15
11
8
11
10
12
8
13
6
9
9
12
9
7
7
9
8
9
8
8
11
10
12
16
9
9
2
9
8
10
10
4
9
8
14
11
13
10
10
2
8
16
7
9
9
10
12
2
9
12
6
6
9
18
11
11
9
13
10
11
12
16
11
22
9
10
11
9
14
12
8
10
10
8
16
11
10
9
12
9
11
15
10
4
23
10
7
11
10
10
11
14
16
7
3
14
7
8
9
11
9
10
6
7
11
10
8
8
12
16
8
7
9
5
4
5
7
10
5
9
8
6
7
14
6
9
8
8
8
14
14
8
12
7
10
11
8
15
6
8
9
10
11
11
10
7
6
10
11
5
8
10
10
10
11
11
9
11
6
8
10
8
7
9
6
13
11
19
7
12
9
9
14
10
16
16
7
7
13
15
14
15
13
10
21
6
9
18
12
9
8
10
12
11
14
14
10
17
13
9
9
11
9
11
9
12
9
13
8
7
8
11
9
9
13
14
14
13
12
19
19
22
6
11
11
10
7
10
10
9
9
11
9
8
5
10
15
10
5
18
11
11
11
7
13
9
8
16
14
9
11
11
13
8
10
9
3
7
7
10
17
9
16
12
14
8
6
16
24
8
9
9
8
2
9
2
8
2
2
10
9
8
8
16
8
11
10
5
14
10
12
13
14
18
8
8
6
14
4
10
9
13
12
14
8
18
15
10
14
14
10
11
16
11
10
16
23
9
23
9
11
9
8
11
11
16
13
10
8
7
13
12
9
8
10
8
1
12
11
8
8
8
9
8
5
9
5
5
7
2

999

